2023/07/09-13:29:41.039438 5b0 RocksDB version: 7.4.5
2023/07/09-13:29:41.039530 5b0 Git sha e072c129d57a0883370034cecf6774c745c40f76
2023/07/09-13:29:41.039551 5b0 Compile date 2022-08-15 17:16:22
2023/07/09-13:29:41.039564 5b0 DB SUMMARY
2023/07/09-13:29:41.039577 5b0 DB Session ID:  B39RAD6MD26O8CZNPG8J
2023/07/09-13:29:41.089208 5b0 CURRENT file:  CURRENT
2023/07/09-13:29:41.089248 5b0 IDENTITY file:  IDENTITY
2023/07/09-13:29:41.089341 5b0 MANIFEST file:  MANIFEST-000050 size: 170 Bytes
2023/07/09-13:29:41.089364 5b0 SST files in C:\Users\sschneider\Github\siteSync\sparkplug\hivemq-ce-2023.3\hivemq-ce-2023.3\data\persistence\publish_payload_store\040500_R\publish_payload_store_49 dir, Total Num: 1, files: 000048.sst 
2023/07/09-13:29:41.089381 5b0 Write Ahead Log file in C:\Users\sschneider\Github\siteSync\sparkplug\hivemq-ce-2023.3\hivemq-ce-2023.3\data\persistence\publish_payload_store\040500_R\publish_payload_store_49: 000049.log size: 80 ; 
2023/07/09-13:29:41.089517 5b0                         Options.error_if_exists: 0
2023/07/09-13:29:41.089534 5b0                       Options.create_if_missing: 1
2023/07/09-13:29:41.089545 5b0                         Options.paranoid_checks: 1
2023/07/09-13:29:41.089557 5b0             Options.flush_verify_memtable_count: 1
2023/07/09-13:29:41.089568 5b0                               Options.track_and_verify_wals_in_manifest: 0
2023/07/09-13:29:41.089579 5b0        Options.verify_sst_unique_id_in_manifest: 0
2023/07/09-13:29:41.089590 5b0                                     Options.env: 000002596DCCE060
2023/07/09-13:29:41.089601 5b0                                      Options.fs: WinFS
2023/07/09-13:29:41.089612 5b0                                Options.info_log: 000002596F7FBA30
2023/07/09-13:29:41.089624 5b0                Options.max_file_opening_threads: 16
2023/07/09-13:29:41.089636 5b0                              Options.statistics: 000002596D61CAE0
2023/07/09-13:29:41.089649 5b0                               Options.use_fsync: 0
2023/07/09-13:29:41.089660 5b0                       Options.max_log_file_size: 512000
2023/07/09-13:29:41.089671 5b0                  Options.max_manifest_file_size: 1073741824
2023/07/09-13:29:41.089682 5b0                   Options.log_file_time_to_roll: 0
2023/07/09-13:29:41.089693 5b0                       Options.keep_log_file_num: 2
2023/07/09-13:29:41.089705 5b0                    Options.recycle_log_file_num: 0
2023/07/09-13:29:41.089717 5b0                         Options.allow_fallocate: 1
2023/07/09-13:29:41.089728 5b0                        Options.allow_mmap_reads: 0
2023/07/09-13:29:41.089740 5b0                       Options.allow_mmap_writes: 0
2023/07/09-13:29:41.089751 5b0                        Options.use_direct_reads: 0
2023/07/09-13:29:41.089762 5b0                        Options.use_direct_io_for_flush_and_compaction: 0
2023/07/09-13:29:41.089774 5b0          Options.create_missing_column_families: 0
2023/07/09-13:29:41.089785 5b0                              Options.db_log_dir: 
2023/07/09-13:29:41.089797 5b0                                 Options.wal_dir: 
2023/07/09-13:29:41.089809 5b0                Options.table_cache_numshardbits: 6
2023/07/09-13:29:41.089822 5b0                         Options.WAL_ttl_seconds: 0
2023/07/09-13:29:41.089834 5b0                       Options.WAL_size_limit_MB: 0
2023/07/09-13:29:41.089846 5b0                        Options.max_write_batch_group_size_bytes: 1048576
2023/07/09-13:29:41.089859 5b0             Options.manifest_preallocation_size: 4194304
2023/07/09-13:29:41.089870 5b0                     Options.is_fd_close_on_exec: 1
2023/07/09-13:29:41.089882 5b0                   Options.advise_random_on_open: 1
2023/07/09-13:29:41.089896 5b0                   Options.experimental_mempurge_threshold: 0.000000
2023/07/09-13:29:41.089907 5b0                    Options.db_write_buffer_size: 0
2023/07/09-13:29:41.089918 5b0                    Options.write_buffer_manager: 000002596F527A80
2023/07/09-13:29:41.089929 5b0         Options.access_hint_on_compaction_start: 1
2023/07/09-13:29:41.089939 5b0           Options.random_access_max_buffer_size: 1048576
2023/07/09-13:29:41.089981 5b0                      Options.use_adaptive_mutex: 0
2023/07/09-13:29:41.089994 5b0                            Options.rate_limiter: 0000000000000000
2023/07/09-13:29:41.090005 5b0     Options.sst_file_manager.rate_bytes_per_sec: 0
2023/07/09-13:29:41.090016 5b0                       Options.wal_recovery_mode: 2
2023/07/09-13:29:41.090027 5b0                  Options.enable_thread_tracking: 0
2023/07/09-13:29:41.090037 5b0                  Options.enable_pipelined_write: 0
2023/07/09-13:29:41.090049 5b0                  Options.unordered_write: 0
2023/07/09-13:29:41.090059 5b0         Options.allow_concurrent_memtable_write: 1
2023/07/09-13:29:41.090070 5b0      Options.enable_write_thread_adaptive_yield: 1
2023/07/09-13:29:41.090081 5b0             Options.write_thread_max_yield_usec: 100
2023/07/09-13:29:41.090092 5b0            Options.write_thread_slow_yield_usec: 3
2023/07/09-13:29:41.090104 5b0                               Options.row_cache: None
2023/07/09-13:29:41.090115 5b0                              Options.wal_filter: None
2023/07/09-13:29:41.090127 5b0             Options.avoid_flush_during_recovery: 0
2023/07/09-13:29:41.090138 5b0             Options.allow_ingest_behind: 0
2023/07/09-13:29:41.090150 5b0             Options.two_write_queues: 0
2023/07/09-13:29:41.090160 5b0             Options.manual_wal_flush: 0
2023/07/09-13:29:41.090172 5b0             Options.wal_compression: 0
2023/07/09-13:29:41.090184 5b0             Options.atomic_flush: 0
2023/07/09-13:29:41.090195 5b0             Options.avoid_unnecessary_blocking_io: 0
2023/07/09-13:29:41.090207 5b0                 Options.persist_stats_to_disk: 0
2023/07/09-13:29:41.090218 5b0                 Options.write_dbid_to_manifest: 0
2023/07/09-13:29:41.090229 5b0                 Options.log_readahead_size: 0
2023/07/09-13:29:41.090257 5b0                 Options.file_checksum_gen_factory: Unknown
2023/07/09-13:29:41.090293 5b0                 Options.best_efforts_recovery: 0
2023/07/09-13:29:41.090314 5b0                Options.max_bgerror_resume_count: 2147483647
2023/07/09-13:29:41.090334 5b0            Options.bgerror_resume_retry_interval: 1000000
2023/07/09-13:29:41.090353 5b0             Options.allow_data_in_errors: 0
2023/07/09-13:29:41.090372 5b0             Options.db_host_id: __hostname__
2023/07/09-13:29:41.090391 5b0             Options.enforce_single_del_contracts: true
2023/07/09-13:29:41.090410 5b0             Options.max_background_jobs: 2
2023/07/09-13:29:41.090434 5b0             Options.max_background_compactions: -1
2023/07/09-13:29:41.090454 5b0             Options.max_subcompactions: 1
2023/07/09-13:29:41.090472 5b0             Options.avoid_flush_during_shutdown: 0
2023/07/09-13:29:41.090490 5b0           Options.writable_file_max_buffer_size: 1048576
2023/07/09-13:29:41.090507 5b0             Options.delayed_write_rate : 16777216
2023/07/09-13:29:41.090527 5b0             Options.max_total_wal_size: 0
2023/07/09-13:29:41.090545 5b0             Options.delete_obsolete_files_period_micros: 21600000000
2023/07/09-13:29:41.090563 5b0                   Options.stats_dump_period_sec: 0
2023/07/09-13:29:41.090581 5b0                 Options.stats_persist_period_sec: 0
2023/07/09-13:29:41.090597 5b0                 Options.stats_history_buffer_size: 65536
2023/07/09-13:29:41.090615 5b0                          Options.max_open_files: -1
2023/07/09-13:29:41.090632 5b0                          Options.bytes_per_sync: 0
2023/07/09-13:29:41.090653 5b0                      Options.wal_bytes_per_sync: 0
2023/07/09-13:29:41.090671 5b0                   Options.strict_bytes_per_sync: 0
2023/07/09-13:29:41.090694 5b0       Options.compaction_readahead_size: 0
2023/07/09-13:29:41.090717 5b0                  Options.max_background_flushes: -1
2023/07/09-13:29:41.090734 5b0 Compression algorithms supported:
2023/07/09-13:29:41.090753 5b0 	kZSTD supported: 1
2023/07/09-13:29:41.090771 5b0 	kSnappyCompression supported: 1
2023/07/09-13:29:41.090797 5b0 	kBZip2Compression supported: 0
2023/07/09-13:29:41.090830 5b0 	kZlibCompression supported: 1
2023/07/09-13:29:41.090838 5b0 	kLZ4Compression supported: 1
2023/07/09-13:29:41.090846 5b0 	kXpressCompression supported: 0
2023/07/09-13:29:41.090854 5b0 	kLZ4HCCompression supported: 1
2023/07/09-13:29:41.090862 5b0 	kZSTDNotFinalCompression supported: 1
2023/07/09-13:29:41.090870 5b0 Fast CRC32 supported: Not supported on x86
2023/07/09-13:29:41.090877 5b0 DMutex implementation: std::mutex
2023/07/09-13:29:41.118205 5b0 [WARN] [db\db_impl\db_impl_open.cc:2055] DB::Open() failed: Corruption: CURRENT file corrupted
2023/07/09-13:29:41.118250 5b0 [db\db_impl\db_impl.cc:480] Shutdown: canceling all background work
2023/07/09-13:29:41.118356 5b0 [db\db_impl\db_impl.cc:710] Shutdown complete
