2023/07/09-13:29:41.168817 543c RocksDB version: 7.4.5
2023/07/09-13:29:41.168966 543c Git sha e072c129d57a0883370034cecf6774c745c40f76
2023/07/09-13:29:41.169019 543c Compile date 2022-08-15 17:16:22
2023/07/09-13:29:41.169055 543c DB SUMMARY
2023/07/09-13:29:41.169085 543c DB Session ID:  B39RAD6MD26O8CZNPG5Z
2023/07/09-13:29:41.197047 543c CURRENT file:  CURRENT
2023/07/09-13:29:41.197074 543c IDENTITY file:  IDENTITY
2023/07/09-13:29:41.197239 543c MANIFEST file:  MANIFEST-000050 size: 218 Bytes
2023/07/09-13:29:41.197260 543c SST files in C:\Users\sschneider\Github\siteSync\sparkplug\hivemq-ce-2023.3\hivemq-ce-2023.3\data\persistence\retained_messages\040500_R\retained_messages_19 dir, Total Num: 1, files: 000048.sst 
2023/07/09-13:29:41.197281 543c Write Ahead Log file in C:\Users\sschneider\Github\siteSync\sparkplug\hivemq-ce-2023.3\hivemq-ce-2023.3\data\persistence\retained_messages\040500_R\retained_messages_19: 000049.log size: 4845 ; 
2023/07/09-13:29:41.197398 543c                         Options.error_if_exists: 0
2023/07/09-13:29:41.197426 543c                       Options.create_if_missing: 1
2023/07/09-13:29:41.197444 543c                         Options.paranoid_checks: 1
2023/07/09-13:29:41.197462 543c             Options.flush_verify_memtable_count: 1
2023/07/09-13:29:41.197481 543c                               Options.track_and_verify_wals_in_manifest: 0
2023/07/09-13:29:41.197500 543c        Options.verify_sst_unique_id_in_manifest: 0
2023/07/09-13:29:41.197518 543c                                     Options.env: 000002596DCCE060
2023/07/09-13:29:41.197536 543c                                      Options.fs: WinFS
2023/07/09-13:29:41.197554 543c                                Options.info_log: 000002596F7F9730
2023/07/09-13:29:41.197571 543c                Options.max_file_opening_threads: 16
2023/07/09-13:29:41.197588 543c                              Options.statistics: 000002596F276780
2023/07/09-13:29:41.197605 543c                               Options.use_fsync: 0
2023/07/09-13:29:41.197622 543c                       Options.max_log_file_size: 512000
2023/07/09-13:29:41.197642 543c                  Options.max_manifest_file_size: 1073741824
2023/07/09-13:29:41.197659 543c                   Options.log_file_time_to_roll: 0
2023/07/09-13:29:41.197675 543c                       Options.keep_log_file_num: 2
2023/07/09-13:29:41.197693 543c                    Options.recycle_log_file_num: 0
2023/07/09-13:29:41.197710 543c                         Options.allow_fallocate: 1
2023/07/09-13:29:41.197727 543c                        Options.allow_mmap_reads: 0
2023/07/09-13:29:41.197744 543c                       Options.allow_mmap_writes: 0
2023/07/09-13:29:41.197759 543c                        Options.use_direct_reads: 0
2023/07/09-13:29:41.197774 543c                        Options.use_direct_io_for_flush_and_compaction: 0
2023/07/09-13:29:41.197789 543c          Options.create_missing_column_families: 0
2023/07/09-13:29:41.197804 543c                              Options.db_log_dir: 
2023/07/09-13:29:41.197820 543c                                 Options.wal_dir: 
2023/07/09-13:29:41.197837 543c                Options.table_cache_numshardbits: 6
2023/07/09-13:29:41.197852 543c                         Options.WAL_ttl_seconds: 0
2023/07/09-13:29:41.197868 543c                       Options.WAL_size_limit_MB: 0
2023/07/09-13:29:41.197885 543c                        Options.max_write_batch_group_size_bytes: 1048576
2023/07/09-13:29:41.197902 543c             Options.manifest_preallocation_size: 4194304
2023/07/09-13:29:41.197918 543c                     Options.is_fd_close_on_exec: 1
2023/07/09-13:29:41.197952 543c                   Options.advise_random_on_open: 1
2023/07/09-13:29:41.197988 543c                   Options.experimental_mempurge_threshold: 0.000000
2023/07/09-13:29:41.198007 543c                    Options.db_write_buffer_size: 0
2023/07/09-13:29:41.198036 543c                    Options.write_buffer_manager: 000002596E1DA530
2023/07/09-13:29:41.198049 543c         Options.access_hint_on_compaction_start: 1
2023/07/09-13:29:41.198088 543c           Options.random_access_max_buffer_size: 1048576
2023/07/09-13:29:41.198098 543c                      Options.use_adaptive_mutex: 0
2023/07/09-13:29:41.198106 543c                            Options.rate_limiter: 0000000000000000
2023/07/09-13:29:41.198115 543c     Options.sst_file_manager.rate_bytes_per_sec: 0
2023/07/09-13:29:41.198122 543c                       Options.wal_recovery_mode: 2
2023/07/09-13:29:41.198129 543c                  Options.enable_thread_tracking: 0
2023/07/09-13:29:41.198137 543c                  Options.enable_pipelined_write: 0
2023/07/09-13:29:41.198144 543c                  Options.unordered_write: 0
2023/07/09-13:29:41.198151 543c         Options.allow_concurrent_memtable_write: 1
2023/07/09-13:29:41.198158 543c      Options.enable_write_thread_adaptive_yield: 1
2023/07/09-13:29:41.198165 543c             Options.write_thread_max_yield_usec: 100
2023/07/09-13:29:41.198172 543c            Options.write_thread_slow_yield_usec: 3
2023/07/09-13:29:41.198179 543c                               Options.row_cache: None
2023/07/09-13:29:41.198186 543c                              Options.wal_filter: None
2023/07/09-13:29:41.198193 543c             Options.avoid_flush_during_recovery: 0
2023/07/09-13:29:41.198200 543c             Options.allow_ingest_behind: 0
2023/07/09-13:29:41.198207 543c             Options.two_write_queues: 0
2023/07/09-13:29:41.198214 543c             Options.manual_wal_flush: 0
2023/07/09-13:29:41.198222 543c             Options.wal_compression: 0
2023/07/09-13:29:41.198229 543c             Options.atomic_flush: 0
2023/07/09-13:29:41.198237 543c             Options.avoid_unnecessary_blocking_io: 0
2023/07/09-13:29:41.198245 543c                 Options.persist_stats_to_disk: 0
2023/07/09-13:29:41.198252 543c                 Options.write_dbid_to_manifest: 0
2023/07/09-13:29:41.198259 543c                 Options.log_readahead_size: 0
2023/07/09-13:29:41.198266 543c                 Options.file_checksum_gen_factory: Unknown
2023/07/09-13:29:41.198273 543c                 Options.best_efforts_recovery: 0
2023/07/09-13:29:41.198280 543c                Options.max_bgerror_resume_count: 2147483647
2023/07/09-13:29:41.198287 543c            Options.bgerror_resume_retry_interval: 1000000
2023/07/09-13:29:41.198295 543c             Options.allow_data_in_errors: 0
2023/07/09-13:29:41.198305 543c             Options.db_host_id: __hostname__
2023/07/09-13:29:41.198313 543c             Options.enforce_single_del_contracts: true
2023/07/09-13:29:41.198320 543c             Options.max_background_jobs: 2
2023/07/09-13:29:41.198329 543c             Options.max_background_compactions: -1
2023/07/09-13:29:41.198336 543c             Options.max_subcompactions: 1
2023/07/09-13:29:41.198344 543c             Options.avoid_flush_during_shutdown: 0
2023/07/09-13:29:41.198352 543c           Options.writable_file_max_buffer_size: 1048576
2023/07/09-13:29:41.198362 543c             Options.delayed_write_rate : 16777216
2023/07/09-13:29:41.198369 543c             Options.max_total_wal_size: 0
2023/07/09-13:29:41.198380 543c             Options.delete_obsolete_files_period_micros: 21600000000
2023/07/09-13:29:41.198388 543c                   Options.stats_dump_period_sec: 0
2023/07/09-13:29:41.198397 543c                 Options.stats_persist_period_sec: 0
2023/07/09-13:29:41.198405 543c                 Options.stats_history_buffer_size: 65536
2023/07/09-13:29:41.198414 543c                          Options.max_open_files: -1
2023/07/09-13:29:41.198423 543c                          Options.bytes_per_sync: 0
2023/07/09-13:29:41.198432 543c                      Options.wal_bytes_per_sync: 0
2023/07/09-13:29:41.198440 543c                   Options.strict_bytes_per_sync: 0
2023/07/09-13:29:41.198448 543c       Options.compaction_readahead_size: 0
2023/07/09-13:29:41.198456 543c                  Options.max_background_flushes: -1
2023/07/09-13:29:41.198464 543c Compression algorithms supported:
2023/07/09-13:29:41.198472 543c 	kZSTD supported: 1
2023/07/09-13:29:41.198481 543c 	kSnappyCompression supported: 1
2023/07/09-13:29:41.198508 543c 	kBZip2Compression supported: 0
2023/07/09-13:29:41.198518 543c 	kZlibCompression supported: 1
2023/07/09-13:29:41.198526 543c 	kLZ4Compression supported: 1
2023/07/09-13:29:41.198535 543c 	kXpressCompression supported: 0
2023/07/09-13:29:41.198542 543c 	kLZ4HCCompression supported: 1
2023/07/09-13:29:41.198551 543c 	kZSTDNotFinalCompression supported: 1
2023/07/09-13:29:41.198560 543c Fast CRC32 supported: Not supported on x86
2023/07/09-13:29:41.198568 543c DMutex implementation: std::mutex
2023/07/09-13:29:41.213988 543c [WARN] [db\db_impl\db_impl_open.cc:2055] DB::Open() failed: Corruption: CURRENT file corrupted
2023/07/09-13:29:41.214005 543c [db\db_impl\db_impl.cc:480] Shutdown: canceling all background work
2023/07/09-13:29:41.214060 543c [db\db_impl\db_impl.cc:710] Shutdown complete
