2023/07/09-13:29:40.974022 3b84 RocksDB version: 7.4.5
2023/07/09-13:29:40.974112 3b84 Git sha e072c129d57a0883370034cecf6774c745c40f76
2023/07/09-13:29:40.974153 3b84 Compile date 2022-08-15 17:16:22
2023/07/09-13:29:40.974176 3b84 DB SUMMARY
2023/07/09-13:29:40.974190 3b84 DB Session ID:  B39RAD6MD26O8CZNPG7K
2023/07/09-13:29:40.998557 3b84 CURRENT file:  CURRENT
2023/07/09-13:29:40.998595 3b84 IDENTITY file:  IDENTITY
2023/07/09-13:29:40.998683 3b84 MANIFEST file:  MANIFEST-000050 size: 170 Bytes
2023/07/09-13:29:40.998703 3b84 SST files in C:\Users\sschneider\Github\siteSync\sparkplug\hivemq-ce-2023.3\hivemq-ce-2023.3\data\persistence\publish_payload_store\040500_R\publish_payload_store_27 dir, Total Num: 1, files: 000048.sst 
2023/07/09-13:29:40.998718 3b84 Write Ahead Log file in C:\Users\sschneider\Github\siteSync\sparkplug\hivemq-ce-2023.3\hivemq-ce-2023.3\data\persistence\publish_payload_store\040500_R\publish_payload_store_27: 000049.log size: 133 ; 
2023/07/09-13:29:40.998843 3b84                         Options.error_if_exists: 0
2023/07/09-13:29:40.998870 3b84                       Options.create_if_missing: 1
2023/07/09-13:29:40.998888 3b84                         Options.paranoid_checks: 1
2023/07/09-13:29:40.998907 3b84             Options.flush_verify_memtable_count: 1
2023/07/09-13:29:40.998924 3b84                               Options.track_and_verify_wals_in_manifest: 0
2023/07/09-13:29:40.998941 3b84        Options.verify_sst_unique_id_in_manifest: 0
2023/07/09-13:29:40.998958 3b84                                     Options.env: 000002596DCCE060
2023/07/09-13:29:40.998975 3b84                                      Options.fs: WinFS
2023/07/09-13:29:40.998992 3b84                                Options.info_log: 000002596E19F2B0
2023/07/09-13:29:40.999009 3b84                Options.max_file_opening_threads: 16
2023/07/09-13:29:40.999027 3b84                              Options.statistics: 000002596D61CAE0
2023/07/09-13:29:40.999045 3b84                               Options.use_fsync: 0
2023/07/09-13:29:40.999062 3b84                       Options.max_log_file_size: 512000
2023/07/09-13:29:40.999079 3b84                  Options.max_manifest_file_size: 1073741824
2023/07/09-13:29:40.999096 3b84                   Options.log_file_time_to_roll: 0
2023/07/09-13:29:40.999115 3b84                       Options.keep_log_file_num: 2
2023/07/09-13:29:40.999132 3b84                    Options.recycle_log_file_num: 0
2023/07/09-13:29:40.999149 3b84                         Options.allow_fallocate: 1
2023/07/09-13:29:40.999165 3b84                        Options.allow_mmap_reads: 0
2023/07/09-13:29:40.999183 3b84                       Options.allow_mmap_writes: 0
2023/07/09-13:29:40.999201 3b84                        Options.use_direct_reads: 0
2023/07/09-13:29:40.999219 3b84                        Options.use_direct_io_for_flush_and_compaction: 0
2023/07/09-13:29:40.999239 3b84          Options.create_missing_column_families: 0
2023/07/09-13:29:40.999258 3b84                              Options.db_log_dir: 
2023/07/09-13:29:40.999275 3b84                                 Options.wal_dir: 
2023/07/09-13:29:40.999292 3b84                Options.table_cache_numshardbits: 6
2023/07/09-13:29:40.999310 3b84                         Options.WAL_ttl_seconds: 0
2023/07/09-13:29:40.999327 3b84                       Options.WAL_size_limit_MB: 0
2023/07/09-13:29:40.999345 3b84                        Options.max_write_batch_group_size_bytes: 1048576
2023/07/09-13:29:40.999362 3b84             Options.manifest_preallocation_size: 4194304
2023/07/09-13:29:40.999378 3b84                     Options.is_fd_close_on_exec: 1
2023/07/09-13:29:40.999413 3b84                   Options.advise_random_on_open: 1
2023/07/09-13:29:40.999449 3b84                   Options.experimental_mempurge_threshold: 0.000000
2023/07/09-13:29:40.999469 3b84                    Options.db_write_buffer_size: 0
2023/07/09-13:29:40.999489 3b84                    Options.write_buffer_manager: 000002596F2EADB0
2023/07/09-13:29:40.999507 3b84         Options.access_hint_on_compaction_start: 1
2023/07/09-13:29:40.999603 3b84           Options.random_access_max_buffer_size: 1048576
2023/07/09-13:29:40.999653 3b84                      Options.use_adaptive_mutex: 0
2023/07/09-13:29:40.999690 3b84                            Options.rate_limiter: 0000000000000000
2023/07/09-13:29:40.999712 3b84     Options.sst_file_manager.rate_bytes_per_sec: 0
2023/07/09-13:29:40.999734 3b84                       Options.wal_recovery_mode: 2
2023/07/09-13:29:40.999752 3b84                  Options.enable_thread_tracking: 0
2023/07/09-13:29:40.999770 3b84                  Options.enable_pipelined_write: 0
2023/07/09-13:29:40.999787 3b84                  Options.unordered_write: 0
2023/07/09-13:29:40.999804 3b84         Options.allow_concurrent_memtable_write: 1
2023/07/09-13:29:40.999820 3b84      Options.enable_write_thread_adaptive_yield: 1
2023/07/09-13:29:40.999837 3b84             Options.write_thread_max_yield_usec: 100
2023/07/09-13:29:40.999852 3b84            Options.write_thread_slow_yield_usec: 3
2023/07/09-13:29:40.999868 3b84                               Options.row_cache: None
2023/07/09-13:29:40.999884 3b84                              Options.wal_filter: None
2023/07/09-13:29:40.999901 3b84             Options.avoid_flush_during_recovery: 0
2023/07/09-13:29:40.999917 3b84             Options.allow_ingest_behind: 0
2023/07/09-13:29:40.999933 3b84             Options.two_write_queues: 0
2023/07/09-13:29:40.999949 3b84             Options.manual_wal_flush: 0
2023/07/09-13:29:40.999965 3b84             Options.wal_compression: 0
2023/07/09-13:29:40.999986 3b84             Options.atomic_flush: 0
2023/07/09-13:29:41.000007 3b84             Options.avoid_unnecessary_blocking_io: 0
2023/07/09-13:29:41.000023 3b84                 Options.persist_stats_to_disk: 0
2023/07/09-13:29:41.000039 3b84                 Options.write_dbid_to_manifest: 0
2023/07/09-13:29:41.000056 3b84                 Options.log_readahead_size: 0
2023/07/09-13:29:41.000073 3b84                 Options.file_checksum_gen_factory: Unknown
2023/07/09-13:29:41.000088 3b84                 Options.best_efforts_recovery: 0
2023/07/09-13:29:41.000105 3b84                Options.max_bgerror_resume_count: 2147483647
2023/07/09-13:29:41.000122 3b84            Options.bgerror_resume_retry_interval: 1000000
2023/07/09-13:29:41.000140 3b84             Options.allow_data_in_errors: 0
2023/07/09-13:29:41.000156 3b84             Options.db_host_id: __hostname__
2023/07/09-13:29:41.000187 3b84             Options.enforce_single_del_contracts: true
2023/07/09-13:29:41.000221 3b84             Options.max_background_jobs: 2
2023/07/09-13:29:41.000239 3b84             Options.max_background_compactions: -1
2023/07/09-13:29:41.000255 3b84             Options.max_subcompactions: 1
2023/07/09-13:29:41.000271 3b84             Options.avoid_flush_during_shutdown: 0
2023/07/09-13:29:41.000288 3b84           Options.writable_file_max_buffer_size: 1048576
2023/07/09-13:29:41.000303 3b84             Options.delayed_write_rate : 16777216
2023/07/09-13:29:41.000348 3b84             Options.max_total_wal_size: 0
2023/07/09-13:29:41.000368 3b84             Options.delete_obsolete_files_period_micros: 21600000000
2023/07/09-13:29:41.000385 3b84                   Options.stats_dump_period_sec: 0
2023/07/09-13:29:41.000410 3b84                 Options.stats_persist_period_sec: 0
2023/07/09-13:29:41.000420 3b84                 Options.stats_history_buffer_size: 65536
2023/07/09-13:29:41.000428 3b84                          Options.max_open_files: -1
2023/07/09-13:29:41.000436 3b84                          Options.bytes_per_sync: 0
2023/07/09-13:29:41.000444 3b84                      Options.wal_bytes_per_sync: 0
2023/07/09-13:29:41.000451 3b84                   Options.strict_bytes_per_sync: 0
2023/07/09-13:29:41.000459 3b84       Options.compaction_readahead_size: 0
2023/07/09-13:29:41.000466 3b84                  Options.max_background_flushes: -1
2023/07/09-13:29:41.000473 3b84 Compression algorithms supported:
2023/07/09-13:29:41.000480 3b84 	kZSTD supported: 1
2023/07/09-13:29:41.000515 3b84 	kSnappyCompression supported: 1
2023/07/09-13:29:41.000523 3b84 	kBZip2Compression supported: 0
2023/07/09-13:29:41.000530 3b84 	kZlibCompression supported: 1
2023/07/09-13:29:41.000537 3b84 	kLZ4Compression supported: 1
2023/07/09-13:29:41.000543 3b84 	kXpressCompression supported: 0
2023/07/09-13:29:41.000550 3b84 	kLZ4HCCompression supported: 1
2023/07/09-13:29:41.000556 3b84 	kZSTDNotFinalCompression supported: 1
2023/07/09-13:29:41.000564 3b84 Fast CRC32 supported: Not supported on x86
2023/07/09-13:29:41.000571 3b84 DMutex implementation: std::mutex
2023/07/09-13:29:41.023581 3b84 [WARN] [db\db_impl\db_impl_open.cc:2055] DB::Open() failed: Corruption: CURRENT file corrupted
2023/07/09-13:29:41.023596 3b84 [db\db_impl\db_impl.cc:480] Shutdown: canceling all background work
2023/07/09-13:29:41.023648 3b84 [db\db_impl\db_impl.cc:710] Shutdown complete
