2023/07/09-13:29:41.035566 56a8 RocksDB version: 7.4.5
2023/07/09-13:29:41.035637 56a8 Git sha e072c129d57a0883370034cecf6774c745c40f76
2023/07/09-13:29:41.035657 56a8 Compile date 2022-08-15 17:16:22
2023/07/09-13:29:41.035671 56a8 DB SUMMARY
2023/07/09-13:29:41.035684 56a8 DB Session ID:  B39RAD6MD26O8CZNPG8U
2023/07/09-13:29:41.078911 56a8 CURRENT file:  CURRENT
2023/07/09-13:29:41.078949 56a8 IDENTITY file:  IDENTITY
2023/07/09-13:29:41.085855 56a8 MANIFEST file:  MANIFEST-000050 size: 170 Bytes
2023/07/09-13:29:41.085890 56a8 SST files in C:\Users\sschneider\Github\siteSync\sparkplug\hivemq-ce-2023.3\hivemq-ce-2023.3\data\persistence\publish_payload_store\040500_R\publish_payload_store_43 dir, Total Num: 1, files: 000048.sst 
2023/07/09-13:29:41.085909 56a8 Write Ahead Log file in C:\Users\sschneider\Github\siteSync\sparkplug\hivemq-ce-2023.3\hivemq-ce-2023.3\data\persistence\publish_payload_store\040500_R\publish_payload_store_43: 000049.log size: 535 ; 
2023/07/09-13:29:41.086016 56a8                         Options.error_if_exists: 0
2023/07/09-13:29:41.086034 56a8                       Options.create_if_missing: 1
2023/07/09-13:29:41.086045 56a8                         Options.paranoid_checks: 1
2023/07/09-13:29:41.086056 56a8             Options.flush_verify_memtable_count: 1
2023/07/09-13:29:41.086067 56a8                               Options.track_and_verify_wals_in_manifest: 0
2023/07/09-13:29:41.086076 56a8        Options.verify_sst_unique_id_in_manifest: 0
2023/07/09-13:29:41.086085 56a8                                     Options.env: 000002596DCCE060
2023/07/09-13:29:41.086099 56a8                                      Options.fs: WinFS
2023/07/09-13:29:41.086111 56a8                                Options.info_log: 000002596F7F6A30
2023/07/09-13:29:41.086121 56a8                Options.max_file_opening_threads: 16
2023/07/09-13:29:41.086130 56a8                              Options.statistics: 000002596D61CAE0
2023/07/09-13:29:41.086141 56a8                               Options.use_fsync: 0
2023/07/09-13:29:41.086150 56a8                       Options.max_log_file_size: 512000
2023/07/09-13:29:41.086162 56a8                  Options.max_manifest_file_size: 1073741824
2023/07/09-13:29:41.086173 56a8                   Options.log_file_time_to_roll: 0
2023/07/09-13:29:41.086184 56a8                       Options.keep_log_file_num: 2
2023/07/09-13:29:41.086196 56a8                    Options.recycle_log_file_num: 0
2023/07/09-13:29:41.086209 56a8                         Options.allow_fallocate: 1
2023/07/09-13:29:41.086220 56a8                        Options.allow_mmap_reads: 0
2023/07/09-13:29:41.086231 56a8                       Options.allow_mmap_writes: 0
2023/07/09-13:29:41.086242 56a8                        Options.use_direct_reads: 0
2023/07/09-13:29:41.086254 56a8                        Options.use_direct_io_for_flush_and_compaction: 0
2023/07/09-13:29:41.086262 56a8          Options.create_missing_column_families: 0
2023/07/09-13:29:41.086269 56a8                              Options.db_log_dir: 
2023/07/09-13:29:41.086275 56a8                                 Options.wal_dir: 
2023/07/09-13:29:41.086282 56a8                Options.table_cache_numshardbits: 6
2023/07/09-13:29:41.086289 56a8                         Options.WAL_ttl_seconds: 0
2023/07/09-13:29:41.086296 56a8                       Options.WAL_size_limit_MB: 0
2023/07/09-13:29:41.086306 56a8                        Options.max_write_batch_group_size_bytes: 1048576
2023/07/09-13:29:41.086315 56a8             Options.manifest_preallocation_size: 4194304
2023/07/09-13:29:41.086325 56a8                     Options.is_fd_close_on_exec: 1
2023/07/09-13:29:41.086333 56a8                   Options.advise_random_on_open: 1
2023/07/09-13:29:41.086343 56a8                   Options.experimental_mempurge_threshold: 0.000000
2023/07/09-13:29:41.086353 56a8                    Options.db_write_buffer_size: 0
2023/07/09-13:29:41.086362 56a8                    Options.write_buffer_manager: 000002596F422D00
2023/07/09-13:29:41.086371 56a8         Options.access_hint_on_compaction_start: 1
2023/07/09-13:29:41.086404 56a8           Options.random_access_max_buffer_size: 1048576
2023/07/09-13:29:41.086413 56a8                      Options.use_adaptive_mutex: 0
2023/07/09-13:29:41.086420 56a8                            Options.rate_limiter: 0000000000000000
2023/07/09-13:29:41.086427 56a8     Options.sst_file_manager.rate_bytes_per_sec: 0
2023/07/09-13:29:41.086435 56a8                       Options.wal_recovery_mode: 2
2023/07/09-13:29:41.086442 56a8                  Options.enable_thread_tracking: 0
2023/07/09-13:29:41.086449 56a8                  Options.enable_pipelined_write: 0
2023/07/09-13:29:41.086456 56a8                  Options.unordered_write: 0
2023/07/09-13:29:41.086463 56a8         Options.allow_concurrent_memtable_write: 1
2023/07/09-13:29:41.086471 56a8      Options.enable_write_thread_adaptive_yield: 1
2023/07/09-13:29:41.086478 56a8             Options.write_thread_max_yield_usec: 100
2023/07/09-13:29:41.086486 56a8            Options.write_thread_slow_yield_usec: 3
2023/07/09-13:29:41.086494 56a8                               Options.row_cache: None
2023/07/09-13:29:41.086502 56a8                              Options.wal_filter: None
2023/07/09-13:29:41.086512 56a8             Options.avoid_flush_during_recovery: 0
2023/07/09-13:29:41.086521 56a8             Options.allow_ingest_behind: 0
2023/07/09-13:29:41.086529 56a8             Options.two_write_queues: 0
2023/07/09-13:29:41.086538 56a8             Options.manual_wal_flush: 0
2023/07/09-13:29:41.086546 56a8             Options.wal_compression: 0
2023/07/09-13:29:41.086555 56a8             Options.atomic_flush: 0
2023/07/09-13:29:41.086562 56a8             Options.avoid_unnecessary_blocking_io: 0
2023/07/09-13:29:41.086571 56a8                 Options.persist_stats_to_disk: 0
2023/07/09-13:29:41.086579 56a8                 Options.write_dbid_to_manifest: 0
2023/07/09-13:29:41.086593 56a8                 Options.log_readahead_size: 0
2023/07/09-13:29:41.086601 56a8                 Options.file_checksum_gen_factory: Unknown
2023/07/09-13:29:41.086608 56a8                 Options.best_efforts_recovery: 0
2023/07/09-13:29:41.086616 56a8                Options.max_bgerror_resume_count: 2147483647
2023/07/09-13:29:41.086623 56a8            Options.bgerror_resume_retry_interval: 1000000
2023/07/09-13:29:41.086635 56a8             Options.allow_data_in_errors: 0
2023/07/09-13:29:41.086650 56a8             Options.db_host_id: __hostname__
2023/07/09-13:29:41.086659 56a8             Options.enforce_single_del_contracts: true
2023/07/09-13:29:41.086666 56a8             Options.max_background_jobs: 2
2023/07/09-13:29:41.086673 56a8             Options.max_background_compactions: -1
2023/07/09-13:29:41.086681 56a8             Options.max_subcompactions: 1
2023/07/09-13:29:41.086690 56a8             Options.avoid_flush_during_shutdown: 0
2023/07/09-13:29:41.086699 56a8           Options.writable_file_max_buffer_size: 1048576
2023/07/09-13:29:41.086706 56a8             Options.delayed_write_rate : 16777216
2023/07/09-13:29:41.086719 56a8             Options.max_total_wal_size: 0
2023/07/09-13:29:41.086727 56a8             Options.delete_obsolete_files_period_micros: 21600000000
2023/07/09-13:29:41.086735 56a8                   Options.stats_dump_period_sec: 0
2023/07/09-13:29:41.086742 56a8                 Options.stats_persist_period_sec: 0
2023/07/09-13:29:41.086750 56a8                 Options.stats_history_buffer_size: 65536
2023/07/09-13:29:41.086758 56a8                          Options.max_open_files: -1
2023/07/09-13:29:41.086766 56a8                          Options.bytes_per_sync: 0
2023/07/09-13:29:41.086774 56a8                      Options.wal_bytes_per_sync: 0
2023/07/09-13:29:41.086781 56a8                   Options.strict_bytes_per_sync: 0
2023/07/09-13:29:41.086788 56a8       Options.compaction_readahead_size: 0
2023/07/09-13:29:41.086795 56a8                  Options.max_background_flushes: -1
2023/07/09-13:29:41.086801 56a8 Compression algorithms supported:
2023/07/09-13:29:41.086809 56a8 	kZSTD supported: 1
2023/07/09-13:29:41.086855 56a8 	kSnappyCompression supported: 1
2023/07/09-13:29:41.086869 56a8 	kBZip2Compression supported: 0
2023/07/09-13:29:41.086877 56a8 	kZlibCompression supported: 1
2023/07/09-13:29:41.086883 56a8 	kLZ4Compression supported: 1
2023/07/09-13:29:41.086891 56a8 	kXpressCompression supported: 0
2023/07/09-13:29:41.086898 56a8 	kLZ4HCCompression supported: 1
2023/07/09-13:29:41.086905 56a8 	kZSTDNotFinalCompression supported: 1
2023/07/09-13:29:41.086923 56a8 Fast CRC32 supported: Not supported on x86
2023/07/09-13:29:41.086980 56a8 DMutex implementation: std::mutex
2023/07/09-13:29:41.112664 56a8 [WARN] [db\db_impl\db_impl_open.cc:2055] DB::Open() failed: Corruption: CURRENT file corrupted
2023/07/09-13:29:41.112681 56a8 [db\db_impl\db_impl.cc:480] Shutdown: canceling all background work
2023/07/09-13:29:41.112734 56a8 [db\db_impl\db_impl.cc:710] Shutdown complete
