2023/07/09-13:29:41.216309 2aa4 RocksDB version: 7.4.5
2023/07/09-13:29:41.216410 2aa4 Git sha e072c129d57a0883370034cecf6774c745c40f76
2023/07/09-13:29:41.216433 2aa4 Compile date 2022-08-15 17:16:22
2023/07/09-13:29:41.216447 2aa4 DB SUMMARY
2023/07/09-13:29:41.216461 2aa4 DB Session ID:  B39RAD6MD26O8CZNPG6O
2023/07/09-13:29:41.253281 2aa4 CURRENT file:  CURRENT
2023/07/09-13:29:41.253330 2aa4 IDENTITY file:  IDENTITY
2023/07/09-13:29:41.255514 2aa4 MANIFEST file:  MANIFEST-000049 size: 74 Bytes
2023/07/09-13:29:41.255563 2aa4 SST files in C:\Users\sschneider\Github\siteSync\sparkplug\hivemq-ce-2023.3\hivemq-ce-2023.3\data\persistence\retained_messages\040500_R\retained_messages_45 dir, Total Num: 0, files: 
2023/07/09-13:29:41.255593 2aa4 Write Ahead Log file in C:\Users\sschneider\Github\siteSync\sparkplug\hivemq-ce-2023.3\hivemq-ce-2023.3\data\persistence\retained_messages\040500_R\retained_messages_45: 000004.log size: 969 ; 000008.log size: 0 ; 000012.log size: 285 ; 000016.log size: 0 ; 000020.log size: 0 ; 000024.log size: 38 ; 000028.log size: 76 ; 000032.log size: 0 ; 000036.log size: 570 ; 000040.log size: 0 ; 000044.log size: 2546 ; 000048.log size: 4826 ; 
2023/07/09-13:29:41.256080 2aa4                         Options.error_if_exists: 0
2023/07/09-13:29:41.256101 2aa4                       Options.create_if_missing: 1
2023/07/09-13:29:41.256113 2aa4                         Options.paranoid_checks: 1
2023/07/09-13:29:41.256127 2aa4             Options.flush_verify_memtable_count: 1
2023/07/09-13:29:41.256139 2aa4                               Options.track_and_verify_wals_in_manifest: 0
2023/07/09-13:29:41.256150 2aa4        Options.verify_sst_unique_id_in_manifest: 0
2023/07/09-13:29:41.256161 2aa4                                     Options.env: 000002596DCCE060
2023/07/09-13:29:41.256173 2aa4                                      Options.fs: WinFS
2023/07/09-13:29:41.256184 2aa4                                Options.info_log: 000002596F69F7E0
2023/07/09-13:29:41.256194 2aa4                Options.max_file_opening_threads: 16
2023/07/09-13:29:41.256208 2aa4                              Options.statistics: 000002596F276780
2023/07/09-13:29:41.256218 2aa4                               Options.use_fsync: 0
2023/07/09-13:29:41.256229 2aa4                       Options.max_log_file_size: 512000
2023/07/09-13:29:41.256240 2aa4                  Options.max_manifest_file_size: 1073741824
2023/07/09-13:29:41.256252 2aa4                   Options.log_file_time_to_roll: 0
2023/07/09-13:29:41.256263 2aa4                       Options.keep_log_file_num: 2
2023/07/09-13:29:41.256274 2aa4                    Options.recycle_log_file_num: 0
2023/07/09-13:29:41.256284 2aa4                         Options.allow_fallocate: 1
2023/07/09-13:29:41.256295 2aa4                        Options.allow_mmap_reads: 0
2023/07/09-13:29:41.256307 2aa4                       Options.allow_mmap_writes: 0
2023/07/09-13:29:41.256319 2aa4                        Options.use_direct_reads: 0
2023/07/09-13:29:41.256331 2aa4                        Options.use_direct_io_for_flush_and_compaction: 0
2023/07/09-13:29:41.256342 2aa4          Options.create_missing_column_families: 0
2023/07/09-13:29:41.256429 2aa4                              Options.db_log_dir: 
2023/07/09-13:29:41.256445 2aa4                                 Options.wal_dir: 
2023/07/09-13:29:41.256456 2aa4                Options.table_cache_numshardbits: 6
2023/07/09-13:29:41.256468 2aa4                         Options.WAL_ttl_seconds: 0
2023/07/09-13:29:41.256480 2aa4                       Options.WAL_size_limit_MB: 0
2023/07/09-13:29:41.256491 2aa4                        Options.max_write_batch_group_size_bytes: 1048576
2023/07/09-13:29:41.256503 2aa4             Options.manifest_preallocation_size: 4194304
2023/07/09-13:29:41.256514 2aa4                     Options.is_fd_close_on_exec: 1
2023/07/09-13:29:41.256525 2aa4                   Options.advise_random_on_open: 1
2023/07/09-13:29:41.256537 2aa4                   Options.experimental_mempurge_threshold: 0.000000
2023/07/09-13:29:41.256549 2aa4                    Options.db_write_buffer_size: 0
2023/07/09-13:29:41.256592 2aa4                    Options.write_buffer_manager: 000002596F33C210
2023/07/09-13:29:41.256606 2aa4         Options.access_hint_on_compaction_start: 1
2023/07/09-13:29:41.256619 2aa4           Options.random_access_max_buffer_size: 1048576
2023/07/09-13:29:41.256631 2aa4                      Options.use_adaptive_mutex: 0
2023/07/09-13:29:41.256642 2aa4                            Options.rate_limiter: 0000000000000000
2023/07/09-13:29:41.256654 2aa4     Options.sst_file_manager.rate_bytes_per_sec: 0
2023/07/09-13:29:41.256666 2aa4                       Options.wal_recovery_mode: 2
2023/07/09-13:29:41.256676 2aa4                  Options.enable_thread_tracking: 0
2023/07/09-13:29:41.256687 2aa4                  Options.enable_pipelined_write: 0
2023/07/09-13:29:41.256700 2aa4                  Options.unordered_write: 0
2023/07/09-13:29:41.256710 2aa4         Options.allow_concurrent_memtable_write: 1
2023/07/09-13:29:41.256721 2aa4      Options.enable_write_thread_adaptive_yield: 1
2023/07/09-13:29:41.256732 2aa4             Options.write_thread_max_yield_usec: 100
2023/07/09-13:29:41.256742 2aa4            Options.write_thread_slow_yield_usec: 3
2023/07/09-13:29:41.256753 2aa4                               Options.row_cache: None
2023/07/09-13:29:41.256766 2aa4                              Options.wal_filter: None
2023/07/09-13:29:41.256780 2aa4             Options.avoid_flush_during_recovery: 0
2023/07/09-13:29:41.256790 2aa4             Options.allow_ingest_behind: 0
2023/07/09-13:29:41.256802 2aa4             Options.two_write_queues: 0
2023/07/09-13:29:41.256813 2aa4             Options.manual_wal_flush: 0
2023/07/09-13:29:41.256823 2aa4             Options.wal_compression: 0
2023/07/09-13:29:41.256833 2aa4             Options.atomic_flush: 0
2023/07/09-13:29:41.256845 2aa4             Options.avoid_unnecessary_blocking_io: 0
2023/07/09-13:29:41.256857 2aa4                 Options.persist_stats_to_disk: 0
2023/07/09-13:29:41.256868 2aa4                 Options.write_dbid_to_manifest: 0
2023/07/09-13:29:41.256881 2aa4                 Options.log_readahead_size: 0
2023/07/09-13:29:41.256893 2aa4                 Options.file_checksum_gen_factory: Unknown
2023/07/09-13:29:41.256905 2aa4                 Options.best_efforts_recovery: 0
2023/07/09-13:29:41.256916 2aa4                Options.max_bgerror_resume_count: 2147483647
2023/07/09-13:29:41.256937 2aa4            Options.bgerror_resume_retry_interval: 1000000
2023/07/09-13:29:41.256948 2aa4             Options.allow_data_in_errors: 0
2023/07/09-13:29:41.256959 2aa4             Options.db_host_id: __hostname__
2023/07/09-13:29:41.256969 2aa4             Options.enforce_single_del_contracts: true
2023/07/09-13:29:41.256981 2aa4             Options.max_background_jobs: 2
2023/07/09-13:29:41.256992 2aa4             Options.max_background_compactions: -1
2023/07/09-13:29:41.257003 2aa4             Options.max_subcompactions: 1
2023/07/09-13:29:41.257013 2aa4             Options.avoid_flush_during_shutdown: 0
2023/07/09-13:29:41.257024 2aa4           Options.writable_file_max_buffer_size: 1048576
2023/07/09-13:29:41.257034 2aa4             Options.delayed_write_rate : 16777216
2023/07/09-13:29:41.257044 2aa4             Options.max_total_wal_size: 0
2023/07/09-13:29:41.257055 2aa4             Options.delete_obsolete_files_period_micros: 21600000000
2023/07/09-13:29:41.257067 2aa4                   Options.stats_dump_period_sec: 0
2023/07/09-13:29:41.257078 2aa4                 Options.stats_persist_period_sec: 0
2023/07/09-13:29:41.257088 2aa4                 Options.stats_history_buffer_size: 65536
2023/07/09-13:29:41.257098 2aa4                          Options.max_open_files: -1
2023/07/09-13:29:41.257110 2aa4                          Options.bytes_per_sync: 0
2023/07/09-13:29:41.257120 2aa4                      Options.wal_bytes_per_sync: 0
2023/07/09-13:29:41.257133 2aa4                   Options.strict_bytes_per_sync: 0
2023/07/09-13:29:41.257146 2aa4       Options.compaction_readahead_size: 0
2023/07/09-13:29:41.257190 2aa4                  Options.max_background_flushes: -1
2023/07/09-13:29:41.257203 2aa4 Compression algorithms supported:
2023/07/09-13:29:41.257215 2aa4 	kZSTD supported: 1
2023/07/09-13:29:41.257227 2aa4 	kSnappyCompression supported: 1
2023/07/09-13:29:41.257238 2aa4 	kBZip2Compression supported: 0
2023/07/09-13:29:41.257249 2aa4 	kZlibCompression supported: 1
2023/07/09-13:29:41.257260 2aa4 	kLZ4Compression supported: 1
2023/07/09-13:29:41.257272 2aa4 	kXpressCompression supported: 0
2023/07/09-13:29:41.257283 2aa4 	kLZ4HCCompression supported: 1
2023/07/09-13:29:41.257296 2aa4 	kZSTDNotFinalCompression supported: 1
2023/07/09-13:29:41.257308 2aa4 Fast CRC32 supported: Not supported on x86
2023/07/09-13:29:41.257320 2aa4 DMutex implementation: std::mutex
2023/07/09-13:29:41.261427 2aa4 [WARN] [db\db_impl\db_impl_open.cc:2055] DB::Open() failed: Corruption: CURRENT file corrupted
2023/07/09-13:29:41.261457 2aa4 [db\db_impl\db_impl.cc:480] Shutdown: canceling all background work
2023/07/09-13:29:41.261535 2aa4 [db\db_impl\db_impl.cc:710] Shutdown complete
