2023/07/09-13:29:41.028928 555c RocksDB version: 7.4.5
2023/07/09-13:29:41.029004 555c Git sha e072c129d57a0883370034cecf6774c745c40f76
2023/07/09-13:29:41.029028 555c Compile date 2022-08-15 17:16:22
2023/07/09-13:29:41.029042 555c DB SUMMARY
2023/07/09-13:29:41.029055 555c DB Session ID:  B39RAD6MD26O8CZNPG86
2023/07/09-13:29:41.068362 555c CURRENT file:  CURRENT
2023/07/09-13:29:41.068399 555c IDENTITY file:  IDENTITY
2023/07/09-13:29:41.068480 555c MANIFEST file:  MANIFEST-000050 size: 170 Bytes
2023/07/09-13:29:41.068498 555c SST files in C:\Users\sschneider\Github\siteSync\sparkplug\hivemq-ce-2023.3\hivemq-ce-2023.3\data\persistence\publish_payload_store\040500_R\publish_payload_store_41 dir, Total Num: 1, files: 000048.sst 
2023/07/09-13:29:41.068513 555c Write Ahead Log file in C:\Users\sschneider\Github\siteSync\sparkplug\hivemq-ce-2023.3\hivemq-ce-2023.3\data\persistence\publish_payload_store\040500_R\publish_payload_store_41: 000049.log size: 301 ; 
2023/07/09-13:29:41.068653 555c                         Options.error_if_exists: 0
2023/07/09-13:29:41.068669 555c                       Options.create_if_missing: 1
2023/07/09-13:29:41.068677 555c                         Options.paranoid_checks: 1
2023/07/09-13:29:41.068684 555c             Options.flush_verify_memtable_count: 1
2023/07/09-13:29:41.068691 555c                               Options.track_and_verify_wals_in_manifest: 0
2023/07/09-13:29:41.068698 555c        Options.verify_sst_unique_id_in_manifest: 0
2023/07/09-13:29:41.068705 555c                                     Options.env: 000002596DCCE060
2023/07/09-13:29:41.068712 555c                                      Options.fs: WinFS
2023/07/09-13:29:41.068719 555c                                Options.info_log: 000002596F7FDD30
2023/07/09-13:29:41.068727 555c                Options.max_file_opening_threads: 16
2023/07/09-13:29:41.068733 555c                              Options.statistics: 000002596D61CAE0
2023/07/09-13:29:41.068740 555c                               Options.use_fsync: 0
2023/07/09-13:29:41.068748 555c                       Options.max_log_file_size: 512000
2023/07/09-13:29:41.068755 555c                  Options.max_manifest_file_size: 1073741824
2023/07/09-13:29:41.068762 555c                   Options.log_file_time_to_roll: 0
2023/07/09-13:29:41.068769 555c                       Options.keep_log_file_num: 2
2023/07/09-13:29:41.068777 555c                    Options.recycle_log_file_num: 0
2023/07/09-13:29:41.068785 555c                         Options.allow_fallocate: 1
2023/07/09-13:29:41.068792 555c                        Options.allow_mmap_reads: 0
2023/07/09-13:29:41.068799 555c                       Options.allow_mmap_writes: 0
2023/07/09-13:29:41.068807 555c                        Options.use_direct_reads: 0
2023/07/09-13:29:41.068816 555c                        Options.use_direct_io_for_flush_and_compaction: 0
2023/07/09-13:29:41.068823 555c          Options.create_missing_column_families: 0
2023/07/09-13:29:41.068830 555c                              Options.db_log_dir: 
2023/07/09-13:29:41.068838 555c                                 Options.wal_dir: 
2023/07/09-13:29:41.068845 555c                Options.table_cache_numshardbits: 6
2023/07/09-13:29:41.068852 555c                         Options.WAL_ttl_seconds: 0
2023/07/09-13:29:41.068859 555c                       Options.WAL_size_limit_MB: 0
2023/07/09-13:29:41.068866 555c                        Options.max_write_batch_group_size_bytes: 1048576
2023/07/09-13:29:41.068872 555c             Options.manifest_preallocation_size: 4194304
2023/07/09-13:29:41.068879 555c                     Options.is_fd_close_on_exec: 1
2023/07/09-13:29:41.068885 555c                   Options.advise_random_on_open: 1
2023/07/09-13:29:41.068894 555c                   Options.experimental_mempurge_threshold: 0.000000
2023/07/09-13:29:41.068901 555c                    Options.db_write_buffer_size: 0
2023/07/09-13:29:41.068908 555c                    Options.write_buffer_manager: 000002596E1DB7F0
2023/07/09-13:29:41.068915 555c         Options.access_hint_on_compaction_start: 1
2023/07/09-13:29:41.068955 555c           Options.random_access_max_buffer_size: 1048576
2023/07/09-13:29:41.068965 555c                      Options.use_adaptive_mutex: 0
2023/07/09-13:29:41.068974 555c                            Options.rate_limiter: 0000000000000000
2023/07/09-13:29:41.068982 555c     Options.sst_file_manager.rate_bytes_per_sec: 0
2023/07/09-13:29:41.068990 555c                       Options.wal_recovery_mode: 2
2023/07/09-13:29:41.068999 555c                  Options.enable_thread_tracking: 0
2023/07/09-13:29:41.069007 555c                  Options.enable_pipelined_write: 0
2023/07/09-13:29:41.069015 555c                  Options.unordered_write: 0
2023/07/09-13:29:41.069023 555c         Options.allow_concurrent_memtable_write: 1
2023/07/09-13:29:41.069030 555c      Options.enable_write_thread_adaptive_yield: 1
2023/07/09-13:29:41.069037 555c             Options.write_thread_max_yield_usec: 100
2023/07/09-13:29:41.069044 555c            Options.write_thread_slow_yield_usec: 3
2023/07/09-13:29:41.069051 555c                               Options.row_cache: None
2023/07/09-13:29:41.069058 555c                              Options.wal_filter: None
2023/07/09-13:29:41.069065 555c             Options.avoid_flush_during_recovery: 0
2023/07/09-13:29:41.069071 555c             Options.allow_ingest_behind: 0
2023/07/09-13:29:41.069078 555c             Options.two_write_queues: 0
2023/07/09-13:29:41.069086 555c             Options.manual_wal_flush: 0
2023/07/09-13:29:41.069094 555c             Options.wal_compression: 0
2023/07/09-13:29:41.069101 555c             Options.atomic_flush: 0
2023/07/09-13:29:41.069109 555c             Options.avoid_unnecessary_blocking_io: 0
2023/07/09-13:29:41.069117 555c                 Options.persist_stats_to_disk: 0
2023/07/09-13:29:41.069125 555c                 Options.write_dbid_to_manifest: 0
2023/07/09-13:29:41.069134 555c                 Options.log_readahead_size: 0
2023/07/09-13:29:41.069141 555c                 Options.file_checksum_gen_factory: Unknown
2023/07/09-13:29:41.069149 555c                 Options.best_efforts_recovery: 0
2023/07/09-13:29:41.069157 555c                Options.max_bgerror_resume_count: 2147483647
2023/07/09-13:29:41.069165 555c            Options.bgerror_resume_retry_interval: 1000000
2023/07/09-13:29:41.069174 555c             Options.allow_data_in_errors: 0
2023/07/09-13:29:41.069181 555c             Options.db_host_id: __hostname__
2023/07/09-13:29:41.069190 555c             Options.enforce_single_del_contracts: true
2023/07/09-13:29:41.069198 555c             Options.max_background_jobs: 2
2023/07/09-13:29:41.069207 555c             Options.max_background_compactions: -1
2023/07/09-13:29:41.069220 555c             Options.max_subcompactions: 1
2023/07/09-13:29:41.069231 555c             Options.avoid_flush_during_shutdown: 0
2023/07/09-13:29:41.069239 555c           Options.writable_file_max_buffer_size: 1048576
2023/07/09-13:29:41.069248 555c             Options.delayed_write_rate : 16777216
2023/07/09-13:29:41.069256 555c             Options.max_total_wal_size: 0
2023/07/09-13:29:41.069266 555c             Options.delete_obsolete_files_period_micros: 21600000000
2023/07/09-13:29:41.069274 555c                   Options.stats_dump_period_sec: 0
2023/07/09-13:29:41.069282 555c                 Options.stats_persist_period_sec: 0
2023/07/09-13:29:41.069291 555c                 Options.stats_history_buffer_size: 65536
2023/07/09-13:29:41.069300 555c                          Options.max_open_files: -1
2023/07/09-13:29:41.069311 555c                          Options.bytes_per_sync: 0
2023/07/09-13:29:41.069323 555c                      Options.wal_bytes_per_sync: 0
2023/07/09-13:29:41.069331 555c                   Options.strict_bytes_per_sync: 0
2023/07/09-13:29:41.069339 555c       Options.compaction_readahead_size: 0
2023/07/09-13:29:41.069348 555c                  Options.max_background_flushes: -1
2023/07/09-13:29:41.069356 555c Compression algorithms supported:
2023/07/09-13:29:41.069365 555c 	kZSTD supported: 1
2023/07/09-13:29:41.069395 555c 	kSnappyCompression supported: 1
2023/07/09-13:29:41.069405 555c 	kBZip2Compression supported: 0
2023/07/09-13:29:41.069414 555c 	kZlibCompression supported: 1
2023/07/09-13:29:41.069422 555c 	kLZ4Compression supported: 1
2023/07/09-13:29:41.069430 555c 	kXpressCompression supported: 0
2023/07/09-13:29:41.069439 555c 	kLZ4HCCompression supported: 1
2023/07/09-13:29:41.069447 555c 	kZSTDNotFinalCompression supported: 1
2023/07/09-13:29:41.069457 555c Fast CRC32 supported: Not supported on x86
2023/07/09-13:29:41.069466 555c DMutex implementation: std::mutex
2023/07/09-13:29:41.117800 555c [WARN] [db\db_impl\db_impl_open.cc:2055] DB::Open() failed: Corruption: CURRENT file corrupted
2023/07/09-13:29:41.117815 555c [db\db_impl\db_impl.cc:480] Shutdown: canceling all background work
2023/07/09-13:29:41.117885 555c [db\db_impl\db_impl.cc:710] Shutdown complete
