2023/07/09-13:29:40.931385 3b8c RocksDB version: 7.4.5
2023/07/09-13:29:40.931460 3b8c Git sha e072c129d57a0883370034cecf6774c745c40f76
2023/07/09-13:29:40.931482 3b8c Compile date 2022-08-15 17:16:22
2023/07/09-13:29:40.931497 3b8c DB SUMMARY
2023/07/09-13:29:40.931511 3b8c DB Session ID:  B39RAD6MD26O8CZNPG7G
2023/07/09-13:29:40.952269 3b8c CURRENT file:  CURRENT
2023/07/09-13:29:40.952304 3b8c IDENTITY file:  IDENTITY
2023/07/09-13:29:40.956077 3b8c MANIFEST file:  MANIFEST-000050 size: 170 Bytes
2023/07/09-13:29:40.956102 3b8c SST files in C:\Users\sschneider\Github\siteSync\sparkplug\hivemq-ce-2023.3\hivemq-ce-2023.3\data\persistence\publish_payload_store\040500_R\publish_payload_store_11 dir, Total Num: 1, files: 000048.sst 
2023/07/09-13:29:40.956117 3b8c Write Ahead Log file in C:\Users\sschneider\Github\siteSync\sparkplug\hivemq-ce-2023.3\hivemq-ce-2023.3\data\persistence\publish_payload_store\040500_R\publish_payload_store_11: 000049.log size: 0 ; 
2023/07/09-13:29:40.956256 3b8c                         Options.error_if_exists: 0
2023/07/09-13:29:40.956269 3b8c                       Options.create_if_missing: 1
2023/07/09-13:29:40.956277 3b8c                         Options.paranoid_checks: 1
2023/07/09-13:29:40.956286 3b8c             Options.flush_verify_memtable_count: 1
2023/07/09-13:29:40.956293 3b8c                               Options.track_and_verify_wals_in_manifest: 0
2023/07/09-13:29:40.956301 3b8c        Options.verify_sst_unique_id_in_manifest: 0
2023/07/09-13:29:40.956308 3b8c                                     Options.env: 000002596DCCE060
2023/07/09-13:29:40.956316 3b8c                                      Options.fs: WinFS
2023/07/09-13:29:40.956322 3b8c                                Options.info_log: 000002596E19D730
2023/07/09-13:29:40.956329 3b8c                Options.max_file_opening_threads: 16
2023/07/09-13:29:40.956337 3b8c                              Options.statistics: 000002596D61CAE0
2023/07/09-13:29:40.956344 3b8c                               Options.use_fsync: 0
2023/07/09-13:29:40.956353 3b8c                       Options.max_log_file_size: 512000
2023/07/09-13:29:40.956361 3b8c                  Options.max_manifest_file_size: 1073741824
2023/07/09-13:29:40.956369 3b8c                   Options.log_file_time_to_roll: 0
2023/07/09-13:29:40.956377 3b8c                       Options.keep_log_file_num: 2
2023/07/09-13:29:40.956385 3b8c                    Options.recycle_log_file_num: 0
2023/07/09-13:29:40.956392 3b8c                         Options.allow_fallocate: 1
2023/07/09-13:29:40.956399 3b8c                        Options.allow_mmap_reads: 0
2023/07/09-13:29:40.956406 3b8c                       Options.allow_mmap_writes: 0
2023/07/09-13:29:40.956414 3b8c                        Options.use_direct_reads: 0
2023/07/09-13:29:40.956422 3b8c                        Options.use_direct_io_for_flush_and_compaction: 0
2023/07/09-13:29:40.956438 3b8c          Options.create_missing_column_families: 0
2023/07/09-13:29:40.956449 3b8c                              Options.db_log_dir: 
2023/07/09-13:29:40.956459 3b8c                                 Options.wal_dir: 
2023/07/09-13:29:40.956469 3b8c                Options.table_cache_numshardbits: 6
2023/07/09-13:29:40.956480 3b8c                         Options.WAL_ttl_seconds: 0
2023/07/09-13:29:40.956492 3b8c                       Options.WAL_size_limit_MB: 0
2023/07/09-13:29:40.956500 3b8c                        Options.max_write_batch_group_size_bytes: 1048576
2023/07/09-13:29:40.956508 3b8c             Options.manifest_preallocation_size: 4194304
2023/07/09-13:29:40.956516 3b8c                     Options.is_fd_close_on_exec: 1
2023/07/09-13:29:40.956525 3b8c                   Options.advise_random_on_open: 1
2023/07/09-13:29:40.956535 3b8c                   Options.experimental_mempurge_threshold: 0.000000
2023/07/09-13:29:40.956544 3b8c                    Options.db_write_buffer_size: 0
2023/07/09-13:29:40.956552 3b8c                    Options.write_buffer_manager: 000002596F4ED8B0
2023/07/09-13:29:40.956560 3b8c         Options.access_hint_on_compaction_start: 1
2023/07/09-13:29:40.956593 3b8c           Options.random_access_max_buffer_size: 1048576
2023/07/09-13:29:40.956603 3b8c                      Options.use_adaptive_mutex: 0
2023/07/09-13:29:40.956611 3b8c                            Options.rate_limiter: 0000000000000000
2023/07/09-13:29:40.956618 3b8c     Options.sst_file_manager.rate_bytes_per_sec: 0
2023/07/09-13:29:40.956626 3b8c                       Options.wal_recovery_mode: 2
2023/07/09-13:29:40.956633 3b8c                  Options.enable_thread_tracking: 0
2023/07/09-13:29:40.956642 3b8c                  Options.enable_pipelined_write: 0
2023/07/09-13:29:40.956649 3b8c                  Options.unordered_write: 0
2023/07/09-13:29:40.956657 3b8c         Options.allow_concurrent_memtable_write: 1
2023/07/09-13:29:40.956666 3b8c      Options.enable_write_thread_adaptive_yield: 1
2023/07/09-13:29:40.956674 3b8c             Options.write_thread_max_yield_usec: 100
2023/07/09-13:29:40.956682 3b8c            Options.write_thread_slow_yield_usec: 3
2023/07/09-13:29:40.956691 3b8c                               Options.row_cache: None
2023/07/09-13:29:40.956700 3b8c                              Options.wal_filter: None
2023/07/09-13:29:40.956708 3b8c             Options.avoid_flush_during_recovery: 0
2023/07/09-13:29:40.956716 3b8c             Options.allow_ingest_behind: 0
2023/07/09-13:29:40.956725 3b8c             Options.two_write_queues: 0
2023/07/09-13:29:40.956732 3b8c             Options.manual_wal_flush: 0
2023/07/09-13:29:40.956742 3b8c             Options.wal_compression: 0
2023/07/09-13:29:40.956750 3b8c             Options.atomic_flush: 0
2023/07/09-13:29:40.956758 3b8c             Options.avoid_unnecessary_blocking_io: 0
2023/07/09-13:29:40.956767 3b8c                 Options.persist_stats_to_disk: 0
2023/07/09-13:29:40.956778 3b8c                 Options.write_dbid_to_manifest: 0
2023/07/09-13:29:40.956790 3b8c                 Options.log_readahead_size: 0
2023/07/09-13:29:40.956801 3b8c                 Options.file_checksum_gen_factory: Unknown
2023/07/09-13:29:40.956812 3b8c                 Options.best_efforts_recovery: 0
2023/07/09-13:29:40.956820 3b8c                Options.max_bgerror_resume_count: 2147483647
2023/07/09-13:29:40.956828 3b8c            Options.bgerror_resume_retry_interval: 1000000
2023/07/09-13:29:40.956837 3b8c             Options.allow_data_in_errors: 0
2023/07/09-13:29:40.956846 3b8c             Options.db_host_id: __hostname__
2023/07/09-13:29:40.956853 3b8c             Options.enforce_single_del_contracts: true
2023/07/09-13:29:40.956861 3b8c             Options.max_background_jobs: 2
2023/07/09-13:29:40.956870 3b8c             Options.max_background_compactions: -1
2023/07/09-13:29:40.956880 3b8c             Options.max_subcompactions: 1
2023/07/09-13:29:40.956890 3b8c             Options.avoid_flush_during_shutdown: 0
2023/07/09-13:29:40.956901 3b8c           Options.writable_file_max_buffer_size: 1048576
2023/07/09-13:29:40.956908 3b8c             Options.delayed_write_rate : 16777216
2023/07/09-13:29:40.956916 3b8c             Options.max_total_wal_size: 0
2023/07/09-13:29:40.956924 3b8c             Options.delete_obsolete_files_period_micros: 21600000000
2023/07/09-13:29:40.956934 3b8c                   Options.stats_dump_period_sec: 0
2023/07/09-13:29:40.956944 3b8c                 Options.stats_persist_period_sec: 0
2023/07/09-13:29:40.956954 3b8c                 Options.stats_history_buffer_size: 65536
2023/07/09-13:29:40.956965 3b8c                          Options.max_open_files: -1
2023/07/09-13:29:40.956975 3b8c                          Options.bytes_per_sync: 0
2023/07/09-13:29:40.956986 3b8c                      Options.wal_bytes_per_sync: 0
2023/07/09-13:29:40.956996 3b8c                   Options.strict_bytes_per_sync: 0
2023/07/09-13:29:40.957006 3b8c       Options.compaction_readahead_size: 0
2023/07/09-13:29:40.957018 3b8c                  Options.max_background_flushes: -1
2023/07/09-13:29:40.957028 3b8c Compression algorithms supported:
2023/07/09-13:29:40.957039 3b8c 	kZSTD supported: 1
2023/07/09-13:29:40.957071 3b8c 	kSnappyCompression supported: 1
2023/07/09-13:29:40.957082 3b8c 	kBZip2Compression supported: 0
2023/07/09-13:29:40.957093 3b8c 	kZlibCompression supported: 1
2023/07/09-13:29:40.957104 3b8c 	kLZ4Compression supported: 1
2023/07/09-13:29:40.957115 3b8c 	kXpressCompression supported: 0
2023/07/09-13:29:40.957126 3b8c 	kLZ4HCCompression supported: 1
2023/07/09-13:29:40.957136 3b8c 	kZSTDNotFinalCompression supported: 1
2023/07/09-13:29:40.957148 3b8c Fast CRC32 supported: Not supported on x86
2023/07/09-13:29:40.957159 3b8c DMutex implementation: std::mutex
2023/07/09-13:29:40.985265 3b8c [WARN] [db\db_impl\db_impl_open.cc:2055] DB::Open() failed: Corruption: CURRENT file corrupted
2023/07/09-13:29:40.985279 3b8c [db\db_impl\db_impl.cc:480] Shutdown: canceling all background work
2023/07/09-13:29:40.985325 3b8c [db\db_impl\db_impl.cc:710] Shutdown complete
