2023/07/09-13:29:41.192676 53fc RocksDB version: 7.4.5
2023/07/09-13:29:41.192769 53fc Git sha e072c129d57a0883370034cecf6774c745c40f76
2023/07/09-13:29:41.192797 53fc Compile date 2022-08-15 17:16:22
2023/07/09-13:29:41.192814 53fc DB SUMMARY
2023/07/09-13:29:41.192830 53fc DB Session ID:  B39RAD6MD26O8CZNPG6D
2023/07/09-13:29:41.225602 53fc CURRENT file:  CURRENT
2023/07/09-13:29:41.225648 53fc IDENTITY file:  IDENTITY
2023/07/09-13:29:41.225788 53fc MANIFEST file:  MANIFEST-000050 size: 218 Bytes
2023/07/09-13:29:41.225818 53fc SST files in C:\Users\sschneider\Github\siteSync\sparkplug\hivemq-ce-2023.3\hivemq-ce-2023.3\data\persistence\retained_messages\040500_R\retained_messages_54 dir, Total Num: 1, files: 000048.sst 
2023/07/09-13:29:41.225839 53fc Write Ahead Log file in C:\Users\sschneider\Github\siteSync\sparkplug\hivemq-ce-2023.3\hivemq-ce-2023.3\data\persistence\retained_messages\040500_R\retained_messages_54: 000049.log size: 5514 ; 
2023/07/09-13:29:41.225976 53fc                         Options.error_if_exists: 0
2023/07/09-13:29:41.225991 53fc                       Options.create_if_missing: 1
2023/07/09-13:29:41.226005 53fc                         Options.paranoid_checks: 1
2023/07/09-13:29:41.226021 53fc             Options.flush_verify_memtable_count: 1
2023/07/09-13:29:41.226032 53fc                               Options.track_and_verify_wals_in_manifest: 0
2023/07/09-13:29:41.226046 53fc        Options.verify_sst_unique_id_in_manifest: 0
2023/07/09-13:29:41.226058 53fc                                     Options.env: 000002596DCCE060
2023/07/09-13:29:41.226071 53fc                                      Options.fs: WinFS
2023/07/09-13:29:41.226083 53fc                                Options.info_log: 000002596F69FA60
2023/07/09-13:29:41.226096 53fc                Options.max_file_opening_threads: 16
2023/07/09-13:29:41.226108 53fc                              Options.statistics: 000002596F276780
2023/07/09-13:29:41.226120 53fc                               Options.use_fsync: 0
2023/07/09-13:29:41.226131 53fc                       Options.max_log_file_size: 512000
2023/07/09-13:29:41.226143 53fc                  Options.max_manifest_file_size: 1073741824
2023/07/09-13:29:41.226154 53fc                   Options.log_file_time_to_roll: 0
2023/07/09-13:29:41.226182 53fc                       Options.keep_log_file_num: 2
2023/07/09-13:29:41.226202 53fc                    Options.recycle_log_file_num: 0
2023/07/09-13:29:41.226216 53fc                         Options.allow_fallocate: 1
2023/07/09-13:29:41.226229 53fc                        Options.allow_mmap_reads: 0
2023/07/09-13:29:41.226243 53fc                       Options.allow_mmap_writes: 0
2023/07/09-13:29:41.226259 53fc                        Options.use_direct_reads: 0
2023/07/09-13:29:41.226274 53fc                        Options.use_direct_io_for_flush_and_compaction: 0
2023/07/09-13:29:41.226288 53fc          Options.create_missing_column_families: 0
2023/07/09-13:29:41.226302 53fc                              Options.db_log_dir: 
2023/07/09-13:29:41.226313 53fc                                 Options.wal_dir: 
2023/07/09-13:29:41.226325 53fc                Options.table_cache_numshardbits: 6
2023/07/09-13:29:41.226339 53fc                         Options.WAL_ttl_seconds: 0
2023/07/09-13:29:41.226349 53fc                       Options.WAL_size_limit_MB: 0
2023/07/09-13:29:41.226360 53fc                        Options.max_write_batch_group_size_bytes: 1048576
2023/07/09-13:29:41.226374 53fc             Options.manifest_preallocation_size: 4194304
2023/07/09-13:29:41.226390 53fc                     Options.is_fd_close_on_exec: 1
2023/07/09-13:29:41.226404 53fc                   Options.advise_random_on_open: 1
2023/07/09-13:29:41.226418 53fc                   Options.experimental_mempurge_threshold: 0.000000
2023/07/09-13:29:41.226432 53fc                    Options.db_write_buffer_size: 0
2023/07/09-13:29:41.226444 53fc                    Options.write_buffer_manager: 000002596F825470
2023/07/09-13:29:41.226457 53fc         Options.access_hint_on_compaction_start: 1
2023/07/09-13:29:41.226532 53fc           Options.random_access_max_buffer_size: 1048576
2023/07/09-13:29:41.226548 53fc                      Options.use_adaptive_mutex: 0
2023/07/09-13:29:41.226559 53fc                            Options.rate_limiter: 0000000000000000
2023/07/09-13:29:41.226571 53fc     Options.sst_file_manager.rate_bytes_per_sec: 0
2023/07/09-13:29:41.226583 53fc                       Options.wal_recovery_mode: 2
2023/07/09-13:29:41.226594 53fc                  Options.enable_thread_tracking: 0
2023/07/09-13:29:41.226605 53fc                  Options.enable_pipelined_write: 0
2023/07/09-13:29:41.226615 53fc                  Options.unordered_write: 0
2023/07/09-13:29:41.226627 53fc         Options.allow_concurrent_memtable_write: 1
2023/07/09-13:29:41.226637 53fc      Options.enable_write_thread_adaptive_yield: 1
2023/07/09-13:29:41.226649 53fc             Options.write_thread_max_yield_usec: 100
2023/07/09-13:29:41.226660 53fc            Options.write_thread_slow_yield_usec: 3
2023/07/09-13:29:41.226670 53fc                               Options.row_cache: None
2023/07/09-13:29:41.226681 53fc                              Options.wal_filter: None
2023/07/09-13:29:41.226692 53fc             Options.avoid_flush_during_recovery: 0
2023/07/09-13:29:41.226702 53fc             Options.allow_ingest_behind: 0
2023/07/09-13:29:41.226712 53fc             Options.two_write_queues: 0
2023/07/09-13:29:41.226723 53fc             Options.manual_wal_flush: 0
2023/07/09-13:29:41.226733 53fc             Options.wal_compression: 0
2023/07/09-13:29:41.226744 53fc             Options.atomic_flush: 0
2023/07/09-13:29:41.226754 53fc             Options.avoid_unnecessary_blocking_io: 0
2023/07/09-13:29:41.226764 53fc                 Options.persist_stats_to_disk: 0
2023/07/09-13:29:41.226775 53fc                 Options.write_dbid_to_manifest: 0
2023/07/09-13:29:41.226786 53fc                 Options.log_readahead_size: 0
2023/07/09-13:29:41.226799 53fc                 Options.file_checksum_gen_factory: Unknown
2023/07/09-13:29:41.226809 53fc                 Options.best_efforts_recovery: 0
2023/07/09-13:29:41.226820 53fc                Options.max_bgerror_resume_count: 2147483647
2023/07/09-13:29:41.226831 53fc            Options.bgerror_resume_retry_interval: 1000000
2023/07/09-13:29:41.226841 53fc             Options.allow_data_in_errors: 0
2023/07/09-13:29:41.226852 53fc             Options.db_host_id: __hostname__
2023/07/09-13:29:41.226864 53fc             Options.enforce_single_del_contracts: true
2023/07/09-13:29:41.226876 53fc             Options.max_background_jobs: 2
2023/07/09-13:29:41.226887 53fc             Options.max_background_compactions: -1
2023/07/09-13:29:41.226897 53fc             Options.max_subcompactions: 1
2023/07/09-13:29:41.226908 53fc             Options.avoid_flush_during_shutdown: 0
2023/07/09-13:29:41.226919 53fc           Options.writable_file_max_buffer_size: 1048576
2023/07/09-13:29:41.226930 53fc             Options.delayed_write_rate : 16777216
2023/07/09-13:29:41.226941 53fc             Options.max_total_wal_size: 0
2023/07/09-13:29:41.226951 53fc             Options.delete_obsolete_files_period_micros: 21600000000
2023/07/09-13:29:41.226962 53fc                   Options.stats_dump_period_sec: 0
2023/07/09-13:29:41.226972 53fc                 Options.stats_persist_period_sec: 0
2023/07/09-13:29:41.226983 53fc                 Options.stats_history_buffer_size: 65536
2023/07/09-13:29:41.226994 53fc                          Options.max_open_files: -1
2023/07/09-13:29:41.227004 53fc                          Options.bytes_per_sync: 0
2023/07/09-13:29:41.227014 53fc                      Options.wal_bytes_per_sync: 0
2023/07/09-13:29:41.227026 53fc                   Options.strict_bytes_per_sync: 0
2023/07/09-13:29:41.227037 53fc       Options.compaction_readahead_size: 0
2023/07/09-13:29:41.227048 53fc                  Options.max_background_flushes: -1
2023/07/09-13:29:41.227059 53fc Compression algorithms supported:
2023/07/09-13:29:41.227069 53fc 	kZSTD supported: 1
2023/07/09-13:29:41.227082 53fc 	kSnappyCompression supported: 1
2023/07/09-13:29:41.227120 53fc 	kBZip2Compression supported: 0
2023/07/09-13:29:41.227132 53fc 	kZlibCompression supported: 1
2023/07/09-13:29:41.227143 53fc 	kLZ4Compression supported: 1
2023/07/09-13:29:41.227153 53fc 	kXpressCompression supported: 0
2023/07/09-13:29:41.227163 53fc 	kLZ4HCCompression supported: 1
2023/07/09-13:29:41.227174 53fc 	kZSTDNotFinalCompression supported: 1
2023/07/09-13:29:41.227186 53fc Fast CRC32 supported: Not supported on x86
2023/07/09-13:29:41.227196 53fc DMutex implementation: std::mutex
2023/07/09-13:29:41.238395 53fc [WARN] [db\db_impl\db_impl_open.cc:2055] DB::Open() failed: Corruption: CURRENT file corrupted
2023/07/09-13:29:41.238417 53fc [db\db_impl\db_impl.cc:480] Shutdown: canceling all background work
2023/07/09-13:29:41.238480 53fc [db\db_impl\db_impl.cc:710] Shutdown complete
