2023/07/09-13:29:41.026406 3b50 RocksDB version: 7.4.5
2023/07/09-13:29:41.026485 3b50 Git sha e072c129d57a0883370034cecf6774c745c40f76
2023/07/09-13:29:41.026505 3b50 Compile date 2022-08-15 17:16:22
2023/07/09-13:29:41.026519 3b50 DB SUMMARY
2023/07/09-13:29:41.026532 3b50 DB Session ID:  B39RAD6MD26O8CZNPG82
2023/07/09-13:29:41.054193 3b50 CURRENT file:  CURRENT
2023/07/09-13:29:41.054260 3b50 IDENTITY file:  IDENTITY
2023/07/09-13:29:41.055242 3b50 MANIFEST file:  MANIFEST-000050 size: 170 Bytes
2023/07/09-13:29:41.055299 3b50 SST files in C:\Users\sschneider\Github\siteSync\sparkplug\hivemq-ce-2023.3\hivemq-ce-2023.3\data\persistence\publish_payload_store\040500_R\publish_payload_store_54 dir, Total Num: 1, files: 000048.sst 
2023/07/09-13:29:41.055352 3b50 Write Ahead Log file in C:\Users\sschneider\Github\siteSync\sparkplug\hivemq-ce-2023.3\hivemq-ce-2023.3\data\persistence\publish_payload_store\040500_R\publish_payload_store_54: 000049.log size: 2841 ; 
2023/07/09-13:29:41.055454 3b50                         Options.error_if_exists: 0
2023/07/09-13:29:41.055465 3b50                       Options.create_if_missing: 1
2023/07/09-13:29:41.055472 3b50                         Options.paranoid_checks: 1
2023/07/09-13:29:41.055480 3b50             Options.flush_verify_memtable_count: 1
2023/07/09-13:29:41.055489 3b50                               Options.track_and_verify_wals_in_manifest: 0
2023/07/09-13:29:41.055497 3b50        Options.verify_sst_unique_id_in_manifest: 0
2023/07/09-13:29:41.055504 3b50                                     Options.env: 000002596DCCE060
2023/07/09-13:29:41.055511 3b50                                      Options.fs: WinFS
2023/07/09-13:29:41.055518 3b50                                Options.info_log: 000002596F7F71B0
2023/07/09-13:29:41.055525 3b50                Options.max_file_opening_threads: 16
2023/07/09-13:29:41.055532 3b50                              Options.statistics: 000002596D61CAE0
2023/07/09-13:29:41.055538 3b50                               Options.use_fsync: 0
2023/07/09-13:29:41.055545 3b50                       Options.max_log_file_size: 512000
2023/07/09-13:29:41.055552 3b50                  Options.max_manifest_file_size: 1073741824
2023/07/09-13:29:41.055558 3b50                   Options.log_file_time_to_roll: 0
2023/07/09-13:29:41.055565 3b50                       Options.keep_log_file_num: 2
2023/07/09-13:29:41.055571 3b50                    Options.recycle_log_file_num: 0
2023/07/09-13:29:41.055578 3b50                         Options.allow_fallocate: 1
2023/07/09-13:29:41.055585 3b50                        Options.allow_mmap_reads: 0
2023/07/09-13:29:41.055591 3b50                       Options.allow_mmap_writes: 0
2023/07/09-13:29:41.055597 3b50                        Options.use_direct_reads: 0
2023/07/09-13:29:41.055604 3b50                        Options.use_direct_io_for_flush_and_compaction: 0
2023/07/09-13:29:41.055610 3b50          Options.create_missing_column_families: 0
2023/07/09-13:29:41.055616 3b50                              Options.db_log_dir: 
2023/07/09-13:29:41.055623 3b50                                 Options.wal_dir: 
2023/07/09-13:29:41.055629 3b50                Options.table_cache_numshardbits: 6
2023/07/09-13:29:41.055635 3b50                         Options.WAL_ttl_seconds: 0
2023/07/09-13:29:41.055646 3b50                       Options.WAL_size_limit_MB: 0
2023/07/09-13:29:41.055652 3b50                        Options.max_write_batch_group_size_bytes: 1048576
2023/07/09-13:29:41.055659 3b50             Options.manifest_preallocation_size: 4194304
2023/07/09-13:29:41.055665 3b50                     Options.is_fd_close_on_exec: 1
2023/07/09-13:29:41.055671 3b50                   Options.advise_random_on_open: 1
2023/07/09-13:29:41.055678 3b50                   Options.experimental_mempurge_threshold: 0.000000
2023/07/09-13:29:41.055685 3b50                    Options.db_write_buffer_size: 0
2023/07/09-13:29:41.055691 3b50                    Options.write_buffer_manager: 000002596F4ED7C0
2023/07/09-13:29:41.055698 3b50         Options.access_hint_on_compaction_start: 1
2023/07/09-13:29:41.055721 3b50           Options.random_access_max_buffer_size: 1048576
2023/07/09-13:29:41.055729 3b50                      Options.use_adaptive_mutex: 0
2023/07/09-13:29:41.055736 3b50                            Options.rate_limiter: 0000000000000000
2023/07/09-13:29:41.055743 3b50     Options.sst_file_manager.rate_bytes_per_sec: 0
2023/07/09-13:29:41.055749 3b50                       Options.wal_recovery_mode: 2
2023/07/09-13:29:41.055755 3b50                  Options.enable_thread_tracking: 0
2023/07/09-13:29:41.055761 3b50                  Options.enable_pipelined_write: 0
2023/07/09-13:29:41.055768 3b50                  Options.unordered_write: 0
2023/07/09-13:29:41.055774 3b50         Options.allow_concurrent_memtable_write: 1
2023/07/09-13:29:41.055780 3b50      Options.enable_write_thread_adaptive_yield: 1
2023/07/09-13:29:41.055786 3b50             Options.write_thread_max_yield_usec: 100
2023/07/09-13:29:41.055792 3b50            Options.write_thread_slow_yield_usec: 3
2023/07/09-13:29:41.055799 3b50                               Options.row_cache: None
2023/07/09-13:29:41.055805 3b50                              Options.wal_filter: None
2023/07/09-13:29:41.055812 3b50             Options.avoid_flush_during_recovery: 0
2023/07/09-13:29:41.055818 3b50             Options.allow_ingest_behind: 0
2023/07/09-13:29:41.055824 3b50             Options.two_write_queues: 0
2023/07/09-13:29:41.055832 3b50             Options.manual_wal_flush: 0
2023/07/09-13:29:41.055841 3b50             Options.wal_compression: 0
2023/07/09-13:29:41.055884 3b50             Options.atomic_flush: 0
2023/07/09-13:29:41.055892 3b50             Options.avoid_unnecessary_blocking_io: 0
2023/07/09-13:29:41.055899 3b50                 Options.persist_stats_to_disk: 0
2023/07/09-13:29:41.055905 3b50                 Options.write_dbid_to_manifest: 0
2023/07/09-13:29:41.055912 3b50                 Options.log_readahead_size: 0
2023/07/09-13:29:41.055920 3b50                 Options.file_checksum_gen_factory: Unknown
2023/07/09-13:29:41.055930 3b50                 Options.best_efforts_recovery: 0
2023/07/09-13:29:41.055939 3b50                Options.max_bgerror_resume_count: 2147483647
2023/07/09-13:29:41.055948 3b50            Options.bgerror_resume_retry_interval: 1000000
2023/07/09-13:29:41.055956 3b50             Options.allow_data_in_errors: 0
2023/07/09-13:29:41.055964 3b50             Options.db_host_id: __hostname__
2023/07/09-13:29:41.055973 3b50             Options.enforce_single_del_contracts: true
2023/07/09-13:29:41.055981 3b50             Options.max_background_jobs: 2
2023/07/09-13:29:41.055989 3b50             Options.max_background_compactions: -1
2023/07/09-13:29:41.055997 3b50             Options.max_subcompactions: 1
2023/07/09-13:29:41.056004 3b50             Options.avoid_flush_during_shutdown: 0
2023/07/09-13:29:41.056010 3b50           Options.writable_file_max_buffer_size: 1048576
2023/07/09-13:29:41.056017 3b50             Options.delayed_write_rate : 16777216
2023/07/09-13:29:41.056023 3b50             Options.max_total_wal_size: 0
2023/07/09-13:29:41.056032 3b50             Options.delete_obsolete_files_period_micros: 21600000000
2023/07/09-13:29:41.056039 3b50                   Options.stats_dump_period_sec: 0
2023/07/09-13:29:41.056046 3b50                 Options.stats_persist_period_sec: 0
2023/07/09-13:29:41.056053 3b50                 Options.stats_history_buffer_size: 65536
2023/07/09-13:29:41.056059 3b50                          Options.max_open_files: -1
2023/07/09-13:29:41.056065 3b50                          Options.bytes_per_sync: 0
2023/07/09-13:29:41.056072 3b50                      Options.wal_bytes_per_sync: 0
2023/07/09-13:29:41.056078 3b50                   Options.strict_bytes_per_sync: 0
2023/07/09-13:29:41.056085 3b50       Options.compaction_readahead_size: 0
2023/07/09-13:29:41.056091 3b50                  Options.max_background_flushes: -1
2023/07/09-13:29:41.056097 3b50 Compression algorithms supported:
2023/07/09-13:29:41.056105 3b50 	kZSTD supported: 1
2023/07/09-13:29:41.056127 3b50 	kSnappyCompression supported: 1
2023/07/09-13:29:41.056135 3b50 	kBZip2Compression supported: 0
2023/07/09-13:29:41.056142 3b50 	kZlibCompression supported: 1
2023/07/09-13:29:41.056149 3b50 	kLZ4Compression supported: 1
2023/07/09-13:29:41.056155 3b50 	kXpressCompression supported: 0
2023/07/09-13:29:41.056162 3b50 	kLZ4HCCompression supported: 1
2023/07/09-13:29:41.056168 3b50 	kZSTDNotFinalCompression supported: 1
2023/07/09-13:29:41.056175 3b50 Fast CRC32 supported: Not supported on x86
2023/07/09-13:29:41.056181 3b50 DMutex implementation: std::mutex
2023/07/09-13:29:41.090508 3b50 [WARN] [db\db_impl\db_impl_open.cc:2055] DB::Open() failed: Corruption: CURRENT file corrupted
2023/07/09-13:29:41.090538 3b50 [db\db_impl\db_impl.cc:480] Shutdown: canceling all background work
2023/07/09-13:29:41.090645 3b50 [db\db_impl\db_impl.cc:710] Shutdown complete
