2023/07/09-13:29:41.167108 44a0 RocksDB version: 7.4.5
2023/07/09-13:29:41.167202 44a0 Git sha e072c129d57a0883370034cecf6774c745c40f76
2023/07/09-13:29:41.167224 44a0 Compile date 2022-08-15 17:16:22
2023/07/09-13:29:41.167239 44a0 DB SUMMARY
2023/07/09-13:29:41.167254 44a0 DB Session ID:  B39RAD6MD26O8CZNPG5Y
2023/07/09-13:29:41.199089 44a0 CURRENT file:  CURRENT
2023/07/09-13:29:41.199154 44a0 IDENTITY file:  IDENTITY
2023/07/09-13:29:41.203399 44a0 MANIFEST file:  MANIFEST-000050 size: 218 Bytes
2023/07/09-13:29:41.203438 44a0 SST files in C:\Users\sschneider\Github\siteSync\sparkplug\hivemq-ce-2023.3\hivemq-ce-2023.3\data\persistence\retained_messages\040500_R\retained_messages_22 dir, Total Num: 1, files: 000048.sst 
2023/07/09-13:29:41.203454 44a0 Write Ahead Log file in C:\Users\sschneider\Github\siteSync\sparkplug\hivemq-ce-2023.3\hivemq-ce-2023.3\data\persistence\retained_messages\040500_R\retained_messages_22: 000049.log size: 4845 ; 
2023/07/09-13:29:41.203598 44a0                         Options.error_if_exists: 0
2023/07/09-13:29:41.203643 44a0                       Options.create_if_missing: 1
2023/07/09-13:29:41.203660 44a0                         Options.paranoid_checks: 1
2023/07/09-13:29:41.203667 44a0             Options.flush_verify_memtable_count: 1
2023/07/09-13:29:41.203675 44a0                               Options.track_and_verify_wals_in_manifest: 0
2023/07/09-13:29:41.203681 44a0        Options.verify_sst_unique_id_in_manifest: 0
2023/07/09-13:29:41.203688 44a0                                     Options.env: 000002596DCCE060
2023/07/09-13:29:41.203694 44a0                                      Options.fs: WinFS
2023/07/09-13:29:41.203702 44a0                                Options.info_log: 000002596F69E8E0
2023/07/09-13:29:41.203708 44a0                Options.max_file_opening_threads: 16
2023/07/09-13:29:41.203715 44a0                              Options.statistics: 000002596F276780
2023/07/09-13:29:41.203722 44a0                               Options.use_fsync: 0
2023/07/09-13:29:41.203729 44a0                       Options.max_log_file_size: 512000
2023/07/09-13:29:41.203736 44a0                  Options.max_manifest_file_size: 1073741824
2023/07/09-13:29:41.203742 44a0                   Options.log_file_time_to_roll: 0
2023/07/09-13:29:41.203749 44a0                       Options.keep_log_file_num: 2
2023/07/09-13:29:41.203756 44a0                    Options.recycle_log_file_num: 0
2023/07/09-13:29:41.203763 44a0                         Options.allow_fallocate: 1
2023/07/09-13:29:41.203770 44a0                        Options.allow_mmap_reads: 0
2023/07/09-13:29:41.203777 44a0                       Options.allow_mmap_writes: 0
2023/07/09-13:29:41.203783 44a0                        Options.use_direct_reads: 0
2023/07/09-13:29:41.203790 44a0                        Options.use_direct_io_for_flush_and_compaction: 0
2023/07/09-13:29:41.203798 44a0          Options.create_missing_column_families: 0
2023/07/09-13:29:41.203805 44a0                              Options.db_log_dir: 
2023/07/09-13:29:41.203812 44a0                                 Options.wal_dir: 
2023/07/09-13:29:41.203818 44a0                Options.table_cache_numshardbits: 6
2023/07/09-13:29:41.203824 44a0                         Options.WAL_ttl_seconds: 0
2023/07/09-13:29:41.203831 44a0                       Options.WAL_size_limit_MB: 0
2023/07/09-13:29:41.203837 44a0                        Options.max_write_batch_group_size_bytes: 1048576
2023/07/09-13:29:41.203844 44a0             Options.manifest_preallocation_size: 4194304
2023/07/09-13:29:41.203850 44a0                     Options.is_fd_close_on_exec: 1
2023/07/09-13:29:41.203857 44a0                   Options.advise_random_on_open: 1
2023/07/09-13:29:41.203864 44a0                   Options.experimental_mempurge_threshold: 0.000000
2023/07/09-13:29:41.203871 44a0                    Options.db_write_buffer_size: 0
2023/07/09-13:29:41.203877 44a0                    Options.write_buffer_manager: 000002596F2FEA20
2023/07/09-13:29:41.203884 44a0         Options.access_hint_on_compaction_start: 1
2023/07/09-13:29:41.203919 44a0           Options.random_access_max_buffer_size: 1048576
2023/07/09-13:29:41.203927 44a0                      Options.use_adaptive_mutex: 0
2023/07/09-13:29:41.203934 44a0                            Options.rate_limiter: 0000000000000000
2023/07/09-13:29:41.203941 44a0     Options.sst_file_manager.rate_bytes_per_sec: 0
2023/07/09-13:29:41.203947 44a0                       Options.wal_recovery_mode: 2
2023/07/09-13:29:41.203954 44a0                  Options.enable_thread_tracking: 0
2023/07/09-13:29:41.203960 44a0                  Options.enable_pipelined_write: 0
2023/07/09-13:29:41.203966 44a0                  Options.unordered_write: 0
2023/07/09-13:29:41.203973 44a0         Options.allow_concurrent_memtable_write: 1
2023/07/09-13:29:41.203979 44a0      Options.enable_write_thread_adaptive_yield: 1
2023/07/09-13:29:41.203986 44a0             Options.write_thread_max_yield_usec: 100
2023/07/09-13:29:41.203994 44a0            Options.write_thread_slow_yield_usec: 3
2023/07/09-13:29:41.204003 44a0                               Options.row_cache: None
2023/07/09-13:29:41.204012 44a0                              Options.wal_filter: None
2023/07/09-13:29:41.204020 44a0             Options.avoid_flush_during_recovery: 0
2023/07/09-13:29:41.204028 44a0             Options.allow_ingest_behind: 0
2023/07/09-13:29:41.204035 44a0             Options.two_write_queues: 0
2023/07/09-13:29:41.204042 44a0             Options.manual_wal_flush: 0
2023/07/09-13:29:41.204049 44a0             Options.wal_compression: 0
2023/07/09-13:29:41.204057 44a0             Options.atomic_flush: 0
2023/07/09-13:29:41.204063 44a0             Options.avoid_unnecessary_blocking_io: 0
2023/07/09-13:29:41.204070 44a0                 Options.persist_stats_to_disk: 0
2023/07/09-13:29:41.204076 44a0                 Options.write_dbid_to_manifest: 0
2023/07/09-13:29:41.204083 44a0                 Options.log_readahead_size: 0
2023/07/09-13:29:41.204092 44a0                 Options.file_checksum_gen_factory: Unknown
2023/07/09-13:29:41.204099 44a0                 Options.best_efforts_recovery: 0
2023/07/09-13:29:41.204107 44a0                Options.max_bgerror_resume_count: 2147483647
2023/07/09-13:29:41.204113 44a0            Options.bgerror_resume_retry_interval: 1000000
2023/07/09-13:29:41.204119 44a0             Options.allow_data_in_errors: 0
2023/07/09-13:29:41.204126 44a0             Options.db_host_id: __hostname__
2023/07/09-13:29:41.204132 44a0             Options.enforce_single_del_contracts: true
2023/07/09-13:29:41.204139 44a0             Options.max_background_jobs: 2
2023/07/09-13:29:41.204145 44a0             Options.max_background_compactions: -1
2023/07/09-13:29:41.204152 44a0             Options.max_subcompactions: 1
2023/07/09-13:29:41.204158 44a0             Options.avoid_flush_during_shutdown: 0
2023/07/09-13:29:41.204165 44a0           Options.writable_file_max_buffer_size: 1048576
2023/07/09-13:29:41.204173 44a0             Options.delayed_write_rate : 16777216
2023/07/09-13:29:41.204179 44a0             Options.max_total_wal_size: 0
2023/07/09-13:29:41.204186 44a0             Options.delete_obsolete_files_period_micros: 21600000000
2023/07/09-13:29:41.204194 44a0                   Options.stats_dump_period_sec: 0
2023/07/09-13:29:41.204201 44a0                 Options.stats_persist_period_sec: 0
2023/07/09-13:29:41.204209 44a0                 Options.stats_history_buffer_size: 65536
2023/07/09-13:29:41.204217 44a0                          Options.max_open_files: -1
2023/07/09-13:29:41.204225 44a0                          Options.bytes_per_sync: 0
2023/07/09-13:29:41.204231 44a0                      Options.wal_bytes_per_sync: 0
2023/07/09-13:29:41.204240 44a0                   Options.strict_bytes_per_sync: 0
2023/07/09-13:29:41.204248 44a0       Options.compaction_readahead_size: 0
2023/07/09-13:29:41.204256 44a0                  Options.max_background_flushes: -1
2023/07/09-13:29:41.204263 44a0 Compression algorithms supported:
2023/07/09-13:29:41.204271 44a0 	kZSTD supported: 1
2023/07/09-13:29:41.204278 44a0 	kSnappyCompression supported: 1
2023/07/09-13:29:41.204307 44a0 	kBZip2Compression supported: 0
2023/07/09-13:29:41.204316 44a0 	kZlibCompression supported: 1
2023/07/09-13:29:41.204323 44a0 	kLZ4Compression supported: 1
2023/07/09-13:29:41.204331 44a0 	kXpressCompression supported: 0
2023/07/09-13:29:41.204339 44a0 	kLZ4HCCompression supported: 1
2023/07/09-13:29:41.204346 44a0 	kZSTDNotFinalCompression supported: 1
2023/07/09-13:29:41.204354 44a0 Fast CRC32 supported: Not supported on x86
2023/07/09-13:29:41.204362 44a0 DMutex implementation: std::mutex
2023/07/09-13:29:41.220205 44a0 [WARN] [db\db_impl\db_impl_open.cc:2055] DB::Open() failed: Corruption: CURRENT file corrupted
2023/07/09-13:29:41.220224 44a0 [db\db_impl\db_impl.cc:480] Shutdown: canceling all background work
2023/07/09-13:29:41.220302 44a0 [db\db_impl\db_impl.cc:710] Shutdown complete
