2023/07/09-13:29:41.034016 10cc RocksDB version: 7.4.5
2023/07/09-13:29:41.034099 10cc Git sha e072c129d57a0883370034cecf6774c745c40f76
2023/07/09-13:29:41.034123 10cc Compile date 2022-08-15 17:16:22
2023/07/09-13:29:41.034139 10cc DB SUMMARY
2023/07/09-13:29:41.034153 10cc DB Session ID:  B39RAD6MD26O8CZNPG8Q
2023/07/09-13:29:41.065737 10cc CURRENT file:  CURRENT
2023/07/09-13:29:41.065775 10cc IDENTITY file:  IDENTITY
2023/07/09-13:29:41.077288 10cc MANIFEST file:  MANIFEST-000050 size: 218 Bytes
2023/07/09-13:29:41.077327 10cc SST files in C:\Users\sschneider\Github\siteSync\sparkplug\hivemq-ce-2023.3\hivemq-ce-2023.3\data\persistence\retained_messages\040500_R\retained_messages_2 dir, Total Num: 1, files: 000048.sst 
2023/07/09-13:29:41.077344 10cc Write Ahead Log file in C:\Users\sschneider\Github\siteSync\sparkplug\hivemq-ce-2023.3\hivemq-ce-2023.3\data\persistence\retained_messages\040500_R\retained_messages_2: 000049.log size: 4845 ; 
2023/07/09-13:29:41.077454 10cc                         Options.error_if_exists: 0
2023/07/09-13:29:41.077466 10cc                       Options.create_if_missing: 1
2023/07/09-13:29:41.077474 10cc                         Options.paranoid_checks: 1
2023/07/09-13:29:41.077483 10cc             Options.flush_verify_memtable_count: 1
2023/07/09-13:29:41.077490 10cc                               Options.track_and_verify_wals_in_manifest: 0
2023/07/09-13:29:41.077499 10cc        Options.verify_sst_unique_id_in_manifest: 0
2023/07/09-13:29:41.077506 10cc                                     Options.env: 000002596DCCE060
2023/07/09-13:29:41.077516 10cc                                      Options.fs: WinFS
2023/07/09-13:29:41.077525 10cc                                Options.info_log: 000002596F7F6530
2023/07/09-13:29:41.077532 10cc                Options.max_file_opening_threads: 16
2023/07/09-13:29:41.077540 10cc                              Options.statistics: 000002596F276780
2023/07/09-13:29:41.077548 10cc                               Options.use_fsync: 0
2023/07/09-13:29:41.077556 10cc                       Options.max_log_file_size: 512000
2023/07/09-13:29:41.077564 10cc                  Options.max_manifest_file_size: 1073741824
2023/07/09-13:29:41.077572 10cc                   Options.log_file_time_to_roll: 0
2023/07/09-13:29:41.077580 10cc                       Options.keep_log_file_num: 2
2023/07/09-13:29:41.077588 10cc                    Options.recycle_log_file_num: 0
2023/07/09-13:29:41.077597 10cc                         Options.allow_fallocate: 1
2023/07/09-13:29:41.077605 10cc                        Options.allow_mmap_reads: 0
2023/07/09-13:29:41.077612 10cc                       Options.allow_mmap_writes: 0
2023/07/09-13:29:41.077619 10cc                        Options.use_direct_reads: 0
2023/07/09-13:29:41.077627 10cc                        Options.use_direct_io_for_flush_and_compaction: 0
2023/07/09-13:29:41.077635 10cc          Options.create_missing_column_families: 0
2023/07/09-13:29:41.077646 10cc                              Options.db_log_dir: 
2023/07/09-13:29:41.077654 10cc                                 Options.wal_dir: 
2023/07/09-13:29:41.077662 10cc                Options.table_cache_numshardbits: 6
2023/07/09-13:29:41.077670 10cc                         Options.WAL_ttl_seconds: 0
2023/07/09-13:29:41.077680 10cc                       Options.WAL_size_limit_MB: 0
2023/07/09-13:29:41.077690 10cc                        Options.max_write_batch_group_size_bytes: 1048576
2023/07/09-13:29:41.077698 10cc             Options.manifest_preallocation_size: 4194304
2023/07/09-13:29:41.077706 10cc                     Options.is_fd_close_on_exec: 1
2023/07/09-13:29:41.077714 10cc                   Options.advise_random_on_open: 1
2023/07/09-13:29:41.077724 10cc                   Options.experimental_mempurge_threshold: 0.000000
2023/07/09-13:29:41.077732 10cc                    Options.db_write_buffer_size: 0
2023/07/09-13:29:41.077740 10cc                    Options.write_buffer_manager: 000002596F2FECF0
2023/07/09-13:29:41.077748 10cc         Options.access_hint_on_compaction_start: 1
2023/07/09-13:29:41.077793 10cc           Options.random_access_max_buffer_size: 1048576
2023/07/09-13:29:41.077804 10cc                      Options.use_adaptive_mutex: 0
2023/07/09-13:29:41.077815 10cc                            Options.rate_limiter: 0000000000000000
2023/07/09-13:29:41.077824 10cc     Options.sst_file_manager.rate_bytes_per_sec: 0
2023/07/09-13:29:41.077837 10cc                       Options.wal_recovery_mode: 2
2023/07/09-13:29:41.077848 10cc                  Options.enable_thread_tracking: 0
2023/07/09-13:29:41.077860 10cc                  Options.enable_pipelined_write: 0
2023/07/09-13:29:41.077872 10cc                  Options.unordered_write: 0
2023/07/09-13:29:41.077883 10cc         Options.allow_concurrent_memtable_write: 1
2023/07/09-13:29:41.077893 10cc      Options.enable_write_thread_adaptive_yield: 1
2023/07/09-13:29:41.077903 10cc             Options.write_thread_max_yield_usec: 100
2023/07/09-13:29:41.077914 10cc            Options.write_thread_slow_yield_usec: 3
2023/07/09-13:29:41.077924 10cc                               Options.row_cache: None
2023/07/09-13:29:41.077932 10cc                              Options.wal_filter: None
2023/07/09-13:29:41.077940 10cc             Options.avoid_flush_during_recovery: 0
2023/07/09-13:29:41.077947 10cc             Options.allow_ingest_behind: 0
2023/07/09-13:29:41.077954 10cc             Options.two_write_queues: 0
2023/07/09-13:29:41.077961 10cc             Options.manual_wal_flush: 0
2023/07/09-13:29:41.077968 10cc             Options.wal_compression: 0
2023/07/09-13:29:41.077976 10cc             Options.atomic_flush: 0
2023/07/09-13:29:41.077985 10cc             Options.avoid_unnecessary_blocking_io: 0
2023/07/09-13:29:41.077993 10cc                 Options.persist_stats_to_disk: 0
2023/07/09-13:29:41.078000 10cc                 Options.write_dbid_to_manifest: 0
2023/07/09-13:29:41.078008 10cc                 Options.log_readahead_size: 0
2023/07/09-13:29:41.078016 10cc                 Options.file_checksum_gen_factory: Unknown
2023/07/09-13:29:41.078023 10cc                 Options.best_efforts_recovery: 0
2023/07/09-13:29:41.078031 10cc                Options.max_bgerror_resume_count: 2147483647
2023/07/09-13:29:41.078038 10cc            Options.bgerror_resume_retry_interval: 1000000
2023/07/09-13:29:41.078045 10cc             Options.allow_data_in_errors: 0
2023/07/09-13:29:41.078054 10cc             Options.db_host_id: __hostname__
2023/07/09-13:29:41.078062 10cc             Options.enforce_single_del_contracts: true
2023/07/09-13:29:41.078070 10cc             Options.max_background_jobs: 2
2023/07/09-13:29:41.078078 10cc             Options.max_background_compactions: -1
2023/07/09-13:29:41.078085 10cc             Options.max_subcompactions: 1
2023/07/09-13:29:41.078095 10cc             Options.avoid_flush_during_shutdown: 0
2023/07/09-13:29:41.078103 10cc           Options.writable_file_max_buffer_size: 1048576
2023/07/09-13:29:41.078110 10cc             Options.delayed_write_rate : 16777216
2023/07/09-13:29:41.078118 10cc             Options.max_total_wal_size: 0
2023/07/09-13:29:41.078126 10cc             Options.delete_obsolete_files_period_micros: 21600000000
2023/07/09-13:29:41.078133 10cc                   Options.stats_dump_period_sec: 0
2023/07/09-13:29:41.078140 10cc                 Options.stats_persist_period_sec: 0
2023/07/09-13:29:41.078149 10cc                 Options.stats_history_buffer_size: 65536
2023/07/09-13:29:41.078157 10cc                          Options.max_open_files: -1
2023/07/09-13:29:41.078165 10cc                          Options.bytes_per_sync: 0
2023/07/09-13:29:41.078174 10cc                      Options.wal_bytes_per_sync: 0
2023/07/09-13:29:41.078183 10cc                   Options.strict_bytes_per_sync: 0
2023/07/09-13:29:41.078190 10cc       Options.compaction_readahead_size: 0
2023/07/09-13:29:41.078198 10cc                  Options.max_background_flushes: -1
2023/07/09-13:29:41.078206 10cc Compression algorithms supported:
2023/07/09-13:29:41.078215 10cc 	kZSTD supported: 1
2023/07/09-13:29:41.078223 10cc 	kSnappyCompression supported: 1
2023/07/09-13:29:41.078251 10cc 	kBZip2Compression supported: 0
2023/07/09-13:29:41.078261 10cc 	kZlibCompression supported: 1
2023/07/09-13:29:41.078271 10cc 	kLZ4Compression supported: 1
2023/07/09-13:29:41.078279 10cc 	kXpressCompression supported: 0
2023/07/09-13:29:41.078287 10cc 	kLZ4HCCompression supported: 1
2023/07/09-13:29:41.078295 10cc 	kZSTDNotFinalCompression supported: 1
2023/07/09-13:29:41.078303 10cc Fast CRC32 supported: Not supported on x86
2023/07/09-13:29:41.078311 10cc DMutex implementation: std::mutex
2023/07/09-13:29:41.111945 10cc [WARN] [db\db_impl\db_impl_open.cc:2055] DB::Open() failed: Corruption: CURRENT file corrupted
2023/07/09-13:29:41.111971 10cc [db\db_impl\db_impl.cc:480] Shutdown: canceling all background work
2023/07/09-13:29:41.112036 10cc [db\db_impl\db_impl.cc:710] Shutdown complete
