2023/07/09-13:29:41.201056 5a40 RocksDB version: 7.4.5
2023/07/09-13:29:41.201214 5a40 Git sha e072c129d57a0883370034cecf6774c745c40f76
2023/07/09-13:29:41.201411 5a40 Compile date 2022-08-15 17:16:22
2023/07/09-13:29:41.201430 5a40 DB SUMMARY
2023/07/09-13:29:41.201444 5a40 DB Session ID:  B39RAD6MD26O8CZNPG6X
2023/07/09-13:29:41.264355 5a40 CURRENT file:  CURRENT
2023/07/09-13:29:41.264395 5a40 IDENTITY file:  IDENTITY
2023/07/09-13:29:41.264833 5a40 MANIFEST file:  MANIFEST-000049 size: 74 Bytes
2023/07/09-13:29:41.264878 5a40 SST files in C:\Users\sschneider\Github\siteSync\sparkplug\hivemq-ce-2023.3\hivemq-ce-2023.3\data\persistence\retained_messages\040500_R\retained_messages_50 dir, Total Num: 0, files: 
2023/07/09-13:29:41.264902 5a40 Write Ahead Log file in C:\Users\sschneider\Github\siteSync\sparkplug\hivemq-ce-2023.3\hivemq-ce-2023.3\data\persistence\retained_messages\040500_R\retained_messages_50: 000004.log size: 969 ; 000008.log size: 0 ; 000012.log size: 285 ; 000016.log size: 0 ; 000020.log size: 0 ; 000024.log size: 38 ; 000028.log size: 76 ; 000032.log size: 0 ; 000036.log size: 570 ; 000040.log size: 0 ; 000044.log size: 2546 ; 000048.log size: 4826 ; 
2023/07/09-13:29:41.265039 5a40                         Options.error_if_exists: 0
2023/07/09-13:29:41.265052 5a40                       Options.create_if_missing: 1
2023/07/09-13:29:41.265063 5a40                         Options.paranoid_checks: 1
2023/07/09-13:29:41.265075 5a40             Options.flush_verify_memtable_count: 1
2023/07/09-13:29:41.265085 5a40                               Options.track_and_verify_wals_in_manifest: 0
2023/07/09-13:29:41.265096 5a40        Options.verify_sst_unique_id_in_manifest: 0
2023/07/09-13:29:41.265106 5a40                                     Options.env: 000002596DCCE060
2023/07/09-13:29:41.265116 5a40                                      Options.fs: WinFS
2023/07/09-13:29:41.265127 5a40                                Options.info_log: 000002596F69BE60
2023/07/09-13:29:41.265138 5a40                Options.max_file_opening_threads: 16
2023/07/09-13:29:41.265148 5a40                              Options.statistics: 000002596F276780
2023/07/09-13:29:41.265159 5a40                               Options.use_fsync: 0
2023/07/09-13:29:41.265169 5a40                       Options.max_log_file_size: 512000
2023/07/09-13:29:41.265179 5a40                  Options.max_manifest_file_size: 1073741824
2023/07/09-13:29:41.265189 5a40                   Options.log_file_time_to_roll: 0
2023/07/09-13:29:41.265200 5a40                       Options.keep_log_file_num: 2
2023/07/09-13:29:41.265211 5a40                    Options.recycle_log_file_num: 0
2023/07/09-13:29:41.265221 5a40                         Options.allow_fallocate: 1
2023/07/09-13:29:41.265232 5a40                        Options.allow_mmap_reads: 0
2023/07/09-13:29:41.265242 5a40                       Options.allow_mmap_writes: 0
2023/07/09-13:29:41.265253 5a40                        Options.use_direct_reads: 0
2023/07/09-13:29:41.265265 5a40                        Options.use_direct_io_for_flush_and_compaction: 0
2023/07/09-13:29:41.265276 5a40          Options.create_missing_column_families: 0
2023/07/09-13:29:41.265288 5a40                              Options.db_log_dir: 
2023/07/09-13:29:41.265298 5a40                                 Options.wal_dir: 
2023/07/09-13:29:41.265308 5a40                Options.table_cache_numshardbits: 6
2023/07/09-13:29:41.265321 5a40                         Options.WAL_ttl_seconds: 0
2023/07/09-13:29:41.265333 5a40                       Options.WAL_size_limit_MB: 0
2023/07/09-13:29:41.265343 5a40                        Options.max_write_batch_group_size_bytes: 1048576
2023/07/09-13:29:41.265354 5a40             Options.manifest_preallocation_size: 4194304
2023/07/09-13:29:41.265365 5a40                     Options.is_fd_close_on_exec: 1
2023/07/09-13:29:41.265376 5a40                   Options.advise_random_on_open: 1
2023/07/09-13:29:41.265395 5a40                   Options.experimental_mempurge_threshold: 0.000000
2023/07/09-13:29:41.265409 5a40                    Options.db_write_buffer_size: 0
2023/07/09-13:29:41.265458 5a40                    Options.write_buffer_manager: 000002596FF93DC0
2023/07/09-13:29:41.265472 5a40         Options.access_hint_on_compaction_start: 1
2023/07/09-13:29:41.265482 5a40           Options.random_access_max_buffer_size: 1048576
2023/07/09-13:29:41.265493 5a40                      Options.use_adaptive_mutex: 0
2023/07/09-13:29:41.265503 5a40                            Options.rate_limiter: 0000000000000000
2023/07/09-13:29:41.265514 5a40     Options.sst_file_manager.rate_bytes_per_sec: 0
2023/07/09-13:29:41.265524 5a40                       Options.wal_recovery_mode: 2
2023/07/09-13:29:41.265535 5a40                  Options.enable_thread_tracking: 0
2023/07/09-13:29:41.265544 5a40                  Options.enable_pipelined_write: 0
2023/07/09-13:29:41.265554 5a40                  Options.unordered_write: 0
2023/07/09-13:29:41.265566 5a40         Options.allow_concurrent_memtable_write: 1
2023/07/09-13:29:41.265576 5a40      Options.enable_write_thread_adaptive_yield: 1
2023/07/09-13:29:41.265586 5a40             Options.write_thread_max_yield_usec: 100
2023/07/09-13:29:41.265595 5a40            Options.write_thread_slow_yield_usec: 3
2023/07/09-13:29:41.265605 5a40                               Options.row_cache: None
2023/07/09-13:29:41.265615 5a40                              Options.wal_filter: None
2023/07/09-13:29:41.265625 5a40             Options.avoid_flush_during_recovery: 0
2023/07/09-13:29:41.265636 5a40             Options.allow_ingest_behind: 0
2023/07/09-13:29:41.265647 5a40             Options.two_write_queues: 0
2023/07/09-13:29:41.265656 5a40             Options.manual_wal_flush: 0
2023/07/09-13:29:41.265665 5a40             Options.wal_compression: 0
2023/07/09-13:29:41.265675 5a40             Options.atomic_flush: 0
2023/07/09-13:29:41.265684 5a40             Options.avoid_unnecessary_blocking_io: 0
2023/07/09-13:29:41.265694 5a40                 Options.persist_stats_to_disk: 0
2023/07/09-13:29:41.265704 5a40                 Options.write_dbid_to_manifest: 0
2023/07/09-13:29:41.265713 5a40                 Options.log_readahead_size: 0
2023/07/09-13:29:41.265722 5a40                 Options.file_checksum_gen_factory: Unknown
2023/07/09-13:29:41.265731 5a40                 Options.best_efforts_recovery: 0
2023/07/09-13:29:41.265740 5a40                Options.max_bgerror_resume_count: 2147483647
2023/07/09-13:29:41.265749 5a40            Options.bgerror_resume_retry_interval: 1000000
2023/07/09-13:29:41.265759 5a40             Options.allow_data_in_errors: 0
2023/07/09-13:29:41.265770 5a40             Options.db_host_id: __hostname__
2023/07/09-13:29:41.265782 5a40             Options.enforce_single_del_contracts: true
2023/07/09-13:29:41.265800 5a40             Options.max_background_jobs: 2
2023/07/09-13:29:41.265812 5a40             Options.max_background_compactions: -1
2023/07/09-13:29:41.265823 5a40             Options.max_subcompactions: 1
2023/07/09-13:29:41.265834 5a40             Options.avoid_flush_during_shutdown: 0
2023/07/09-13:29:41.265843 5a40           Options.writable_file_max_buffer_size: 1048576
2023/07/09-13:29:41.265854 5a40             Options.delayed_write_rate : 16777216
2023/07/09-13:29:41.265869 5a40             Options.max_total_wal_size: 0
2023/07/09-13:29:41.265881 5a40             Options.delete_obsolete_files_period_micros: 21600000000
2023/07/09-13:29:41.265892 5a40                   Options.stats_dump_period_sec: 0
2023/07/09-13:29:41.265903 5a40                 Options.stats_persist_period_sec: 0
2023/07/09-13:29:41.265915 5a40                 Options.stats_history_buffer_size: 65536
2023/07/09-13:29:41.265926 5a40                          Options.max_open_files: -1
2023/07/09-13:29:41.265937 5a40                          Options.bytes_per_sync: 0
2023/07/09-13:29:41.265948 5a40                      Options.wal_bytes_per_sync: 0
2023/07/09-13:29:41.265958 5a40                   Options.strict_bytes_per_sync: 0
2023/07/09-13:29:41.265969 5a40       Options.compaction_readahead_size: 0
2023/07/09-13:29:41.266054 5a40                  Options.max_background_flushes: -1
2023/07/09-13:29:41.266073 5a40 Compression algorithms supported:
2023/07/09-13:29:41.266086 5a40 	kZSTD supported: 1
2023/07/09-13:29:41.266097 5a40 	kSnappyCompression supported: 1
2023/07/09-13:29:41.266109 5a40 	kBZip2Compression supported: 0
2023/07/09-13:29:41.266119 5a40 	kZlibCompression supported: 1
2023/07/09-13:29:41.266130 5a40 	kLZ4Compression supported: 1
2023/07/09-13:29:41.266142 5a40 	kXpressCompression supported: 0
2023/07/09-13:29:41.266154 5a40 	kLZ4HCCompression supported: 1
2023/07/09-13:29:41.266167 5a40 	kZSTDNotFinalCompression supported: 1
2023/07/09-13:29:41.266183 5a40 Fast CRC32 supported: Not supported on x86
2023/07/09-13:29:41.266197 5a40 DMutex implementation: std::mutex
2023/07/09-13:29:41.270788 5a40 [WARN] [db\db_impl\db_impl_open.cc:2055] DB::Open() failed: Corruption: CURRENT file corrupted
2023/07/09-13:29:41.270819 5a40 [db\db_impl\db_impl.cc:480] Shutdown: canceling all background work
2023/07/09-13:29:41.270917 5a40 [db\db_impl\db_impl.cc:710] Shutdown complete
