2023/07/09-13:29:40.951502 44a0 RocksDB version: 7.4.5
2023/07/09-13:29:40.951585 44a0 Git sha e072c129d57a0883370034cecf6774c745c40f76
2023/07/09-13:29:40.951611 44a0 Compile date 2022-08-15 17:16:22
2023/07/09-13:29:40.951629 44a0 DB SUMMARY
2023/07/09-13:29:40.951644 44a0 DB Session ID:  B39RAD6MD26O8CZNPG7Z
2023/07/09-13:29:40.978603 44a0 CURRENT file:  CURRENT
2023/07/09-13:29:40.978638 44a0 IDENTITY file:  IDENTITY
2023/07/09-13:29:40.981830 44a0 MANIFEST file:  MANIFEST-000050 size: 170 Bytes
2023/07/09-13:29:40.981855 44a0 SST files in C:\Users\sschneider\Github\siteSync\sparkplug\hivemq-ce-2023.3\hivemq-ce-2023.3\data\persistence\publish_payload_store\040500_R\publish_payload_store_25 dir, Total Num: 1, files: 000048.sst 
2023/07/09-13:29:40.981872 44a0 Write Ahead Log file in C:\Users\sschneider\Github\siteSync\sparkplug\hivemq-ce-2023.3\hivemq-ce-2023.3\data\persistence\publish_payload_store\040500_R\publish_payload_store_25: 000049.log size: 3899 ; 
2023/07/09-13:29:40.981957 44a0                         Options.error_if_exists: 0
2023/07/09-13:29:40.981967 44a0                       Options.create_if_missing: 1
2023/07/09-13:29:40.981975 44a0                         Options.paranoid_checks: 1
2023/07/09-13:29:40.981984 44a0             Options.flush_verify_memtable_count: 1
2023/07/09-13:29:40.981992 44a0                               Options.track_and_verify_wals_in_manifest: 0
2023/07/09-13:29:40.982001 44a0        Options.verify_sst_unique_id_in_manifest: 0
2023/07/09-13:29:40.982009 44a0                                     Options.env: 000002596DCCE060
2023/07/09-13:29:40.982018 44a0                                      Options.fs: WinFS
2023/07/09-13:29:40.982025 44a0                                Options.info_log: 000002596E19C830
2023/07/09-13:29:40.982034 44a0                Options.max_file_opening_threads: 16
2023/07/09-13:29:40.982043 44a0                              Options.statistics: 000002596D61CAE0
2023/07/09-13:29:40.982052 44a0                               Options.use_fsync: 0
2023/07/09-13:29:40.982060 44a0                       Options.max_log_file_size: 512000
2023/07/09-13:29:40.982068 44a0                  Options.max_manifest_file_size: 1073741824
2023/07/09-13:29:40.982076 44a0                   Options.log_file_time_to_roll: 0
2023/07/09-13:29:40.982084 44a0                       Options.keep_log_file_num: 2
2023/07/09-13:29:40.982092 44a0                    Options.recycle_log_file_num: 0
2023/07/09-13:29:40.982099 44a0                         Options.allow_fallocate: 1
2023/07/09-13:29:40.982107 44a0                        Options.allow_mmap_reads: 0
2023/07/09-13:29:40.982114 44a0                       Options.allow_mmap_writes: 0
2023/07/09-13:29:40.982122 44a0                        Options.use_direct_reads: 0
2023/07/09-13:29:40.982129 44a0                        Options.use_direct_io_for_flush_and_compaction: 0
2023/07/09-13:29:40.982137 44a0          Options.create_missing_column_families: 0
2023/07/09-13:29:40.982145 44a0                              Options.db_log_dir: 
2023/07/09-13:29:40.982152 44a0                                 Options.wal_dir: 
2023/07/09-13:29:40.982161 44a0                Options.table_cache_numshardbits: 6
2023/07/09-13:29:40.982169 44a0                         Options.WAL_ttl_seconds: 0
2023/07/09-13:29:40.982177 44a0                       Options.WAL_size_limit_MB: 0
2023/07/09-13:29:40.982187 44a0                        Options.max_write_batch_group_size_bytes: 1048576
2023/07/09-13:29:40.982196 44a0             Options.manifest_preallocation_size: 4194304
2023/07/09-13:29:40.982206 44a0                     Options.is_fd_close_on_exec: 1
2023/07/09-13:29:40.982215 44a0                   Options.advise_random_on_open: 1
2023/07/09-13:29:40.982224 44a0                   Options.experimental_mempurge_threshold: 0.000000
2023/07/09-13:29:40.982233 44a0                    Options.db_write_buffer_size: 0
2023/07/09-13:29:40.982242 44a0                    Options.write_buffer_manager: 000002596F4EC6E0
2023/07/09-13:29:40.982251 44a0         Options.access_hint_on_compaction_start: 1
2023/07/09-13:29:40.982282 44a0           Options.random_access_max_buffer_size: 1048576
2023/07/09-13:29:40.982293 44a0                      Options.use_adaptive_mutex: 0
2023/07/09-13:29:40.982303 44a0                            Options.rate_limiter: 0000000000000000
2023/07/09-13:29:40.982312 44a0     Options.sst_file_manager.rate_bytes_per_sec: 0
2023/07/09-13:29:40.982320 44a0                       Options.wal_recovery_mode: 2
2023/07/09-13:29:40.982329 44a0                  Options.enable_thread_tracking: 0
2023/07/09-13:29:40.982337 44a0                  Options.enable_pipelined_write: 0
2023/07/09-13:29:40.982347 44a0                  Options.unordered_write: 0
2023/07/09-13:29:40.982355 44a0         Options.allow_concurrent_memtable_write: 1
2023/07/09-13:29:40.982364 44a0      Options.enable_write_thread_adaptive_yield: 1
2023/07/09-13:29:40.982372 44a0             Options.write_thread_max_yield_usec: 100
2023/07/09-13:29:40.982381 44a0            Options.write_thread_slow_yield_usec: 3
2023/07/09-13:29:40.982389 44a0                               Options.row_cache: None
2023/07/09-13:29:40.982400 44a0                              Options.wal_filter: None
2023/07/09-13:29:40.982409 44a0             Options.avoid_flush_during_recovery: 0
2023/07/09-13:29:40.982417 44a0             Options.allow_ingest_behind: 0
2023/07/09-13:29:40.982425 44a0             Options.two_write_queues: 0
2023/07/09-13:29:40.982433 44a0             Options.manual_wal_flush: 0
2023/07/09-13:29:40.982441 44a0             Options.wal_compression: 0
2023/07/09-13:29:40.982449 44a0             Options.atomic_flush: 0
2023/07/09-13:29:40.982457 44a0             Options.avoid_unnecessary_blocking_io: 0
2023/07/09-13:29:40.982465 44a0                 Options.persist_stats_to_disk: 0
2023/07/09-13:29:40.982474 44a0                 Options.write_dbid_to_manifest: 0
2023/07/09-13:29:40.982482 44a0                 Options.log_readahead_size: 0
2023/07/09-13:29:40.982489 44a0                 Options.file_checksum_gen_factory: Unknown
2023/07/09-13:29:40.982496 44a0                 Options.best_efforts_recovery: 0
2023/07/09-13:29:40.982503 44a0                Options.max_bgerror_resume_count: 2147483647
2023/07/09-13:29:40.982511 44a0            Options.bgerror_resume_retry_interval: 1000000
2023/07/09-13:29:40.982520 44a0             Options.allow_data_in_errors: 0
2023/07/09-13:29:40.982528 44a0             Options.db_host_id: __hostname__
2023/07/09-13:29:40.982537 44a0             Options.enforce_single_del_contracts: true
2023/07/09-13:29:40.982545 44a0             Options.max_background_jobs: 2
2023/07/09-13:29:40.982554 44a0             Options.max_background_compactions: -1
2023/07/09-13:29:40.982563 44a0             Options.max_subcompactions: 1
2023/07/09-13:29:40.982574 44a0             Options.avoid_flush_during_shutdown: 0
2023/07/09-13:29:40.982584 44a0           Options.writable_file_max_buffer_size: 1048576
2023/07/09-13:29:40.982592 44a0             Options.delayed_write_rate : 16777216
2023/07/09-13:29:40.982600 44a0             Options.max_total_wal_size: 0
2023/07/09-13:29:40.982608 44a0             Options.delete_obsolete_files_period_micros: 21600000000
2023/07/09-13:29:40.982616 44a0                   Options.stats_dump_period_sec: 0
2023/07/09-13:29:40.982625 44a0                 Options.stats_persist_period_sec: 0
2023/07/09-13:29:40.982634 44a0                 Options.stats_history_buffer_size: 65536
2023/07/09-13:29:40.982645 44a0                          Options.max_open_files: -1
2023/07/09-13:29:40.982654 44a0                          Options.bytes_per_sync: 0
2023/07/09-13:29:40.982663 44a0                      Options.wal_bytes_per_sync: 0
2023/07/09-13:29:40.982671 44a0                   Options.strict_bytes_per_sync: 0
2023/07/09-13:29:40.982679 44a0       Options.compaction_readahead_size: 0
2023/07/09-13:29:40.982687 44a0                  Options.max_background_flushes: -1
2023/07/09-13:29:40.982696 44a0 Compression algorithms supported:
2023/07/09-13:29:40.982704 44a0 	kZSTD supported: 1
2023/07/09-13:29:40.982729 44a0 	kSnappyCompression supported: 1
2023/07/09-13:29:40.982737 44a0 	kBZip2Compression supported: 0
2023/07/09-13:29:40.982746 44a0 	kZlibCompression supported: 1
2023/07/09-13:29:40.982754 44a0 	kLZ4Compression supported: 1
2023/07/09-13:29:40.982762 44a0 	kXpressCompression supported: 0
2023/07/09-13:29:40.982770 44a0 	kLZ4HCCompression supported: 1
2023/07/09-13:29:40.982780 44a0 	kZSTDNotFinalCompression supported: 1
2023/07/09-13:29:40.982789 44a0 Fast CRC32 supported: Not supported on x86
2023/07/09-13:29:40.982797 44a0 DMutex implementation: std::mutex
2023/07/09-13:29:41.014895 44a0 [WARN] [db\db_impl\db_impl_open.cc:2055] DB::Open() failed: Corruption: CURRENT file corrupted
2023/07/09-13:29:41.014911 44a0 [db\db_impl\db_impl.cc:480] Shutdown: canceling all background work
2023/07/09-13:29:41.014964 44a0 [db\db_impl\db_impl.cc:710] Shutdown complete
