2023/07/09-13:29:41.025741 d60 RocksDB version: 7.4.5
2023/07/09-13:29:41.025899 d60 Git sha e072c129d57a0883370034cecf6774c745c40f76
2023/07/09-13:29:41.025951 d60 Compile date 2022-08-15 17:16:22
2023/07/09-13:29:41.025991 d60 DB SUMMARY
2023/07/09-13:29:41.026032 d60 DB Session ID:  B39RAD6MD26O8CZNPG8D
2023/07/09-13:29:41.050369 d60 CURRENT file:  CURRENT
2023/07/09-13:29:41.050398 d60 IDENTITY file:  IDENTITY
2023/07/09-13:29:41.050496 d60 MANIFEST file:  MANIFEST-000050 size: 170 Bytes
2023/07/09-13:29:41.050517 d60 SST files in C:\Users\sschneider\Github\siteSync\sparkplug\hivemq-ce-2023.3\hivemq-ce-2023.3\data\persistence\publish_payload_store\040500_R\publish_payload_store_57 dir, Total Num: 1, files: 000048.sst 
2023/07/09-13:29:41.050534 d60 Write Ahead Log file in C:\Users\sschneider\Github\siteSync\sparkplug\hivemq-ce-2023.3\hivemq-ce-2023.3\data\persistence\publish_payload_store\040500_R\publish_payload_store_57: 000049.log size: 390 ; 
2023/07/09-13:29:41.050669 d60                         Options.error_if_exists: 0
2023/07/09-13:29:41.050699 d60                       Options.create_if_missing: 1
2023/07/09-13:29:41.050718 d60                         Options.paranoid_checks: 1
2023/07/09-13:29:41.050735 d60             Options.flush_verify_memtable_count: 1
2023/07/09-13:29:41.050753 d60                               Options.track_and_verify_wals_in_manifest: 0
2023/07/09-13:29:41.050770 d60        Options.verify_sst_unique_id_in_manifest: 0
2023/07/09-13:29:41.050788 d60                                     Options.env: 000002596DCCE060
2023/07/09-13:29:41.050806 d60                                      Options.fs: WinFS
2023/07/09-13:29:41.050824 d60                                Options.info_log: 000002596E1A1AB0
2023/07/09-13:29:41.050841 d60                Options.max_file_opening_threads: 16
2023/07/09-13:29:41.050858 d60                              Options.statistics: 000002596D61CAE0
2023/07/09-13:29:41.050875 d60                               Options.use_fsync: 0
2023/07/09-13:29:41.050892 d60                       Options.max_log_file_size: 512000
2023/07/09-13:29:41.050910 d60                  Options.max_manifest_file_size: 1073741824
2023/07/09-13:29:41.050927 d60                   Options.log_file_time_to_roll: 0
2023/07/09-13:29:41.050944 d60                       Options.keep_log_file_num: 2
2023/07/09-13:29:41.050963 d60                    Options.recycle_log_file_num: 0
2023/07/09-13:29:41.050980 d60                         Options.allow_fallocate: 1
2023/07/09-13:29:41.050998 d60                        Options.allow_mmap_reads: 0
2023/07/09-13:29:41.051019 d60                       Options.allow_mmap_writes: 0
2023/07/09-13:29:41.051036 d60                        Options.use_direct_reads: 0
2023/07/09-13:29:41.051054 d60                        Options.use_direct_io_for_flush_and_compaction: 0
2023/07/09-13:29:41.051070 d60          Options.create_missing_column_families: 0
2023/07/09-13:29:41.051085 d60                              Options.db_log_dir: 
2023/07/09-13:29:41.051101 d60                                 Options.wal_dir: 
2023/07/09-13:29:41.051118 d60                Options.table_cache_numshardbits: 6
2023/07/09-13:29:41.051134 d60                         Options.WAL_ttl_seconds: 0
2023/07/09-13:29:41.051151 d60                       Options.WAL_size_limit_MB: 0
2023/07/09-13:29:41.051167 d60                        Options.max_write_batch_group_size_bytes: 1048576
2023/07/09-13:29:41.051183 d60             Options.manifest_preallocation_size: 4194304
2023/07/09-13:29:41.051199 d60                     Options.is_fd_close_on_exec: 1
2023/07/09-13:29:41.051215 d60                   Options.advise_random_on_open: 1
2023/07/09-13:29:41.051233 d60                   Options.experimental_mempurge_threshold: 0.000000
2023/07/09-13:29:41.051252 d60                    Options.db_write_buffer_size: 0
2023/07/09-13:29:41.051269 d60                    Options.write_buffer_manager: 000002596F4ECF50
2023/07/09-13:29:41.051285 d60         Options.access_hint_on_compaction_start: 1
2023/07/09-13:29:41.051301 d60           Options.random_access_max_buffer_size: 1048576
2023/07/09-13:29:41.051364 d60                      Options.use_adaptive_mutex: 0
2023/07/09-13:29:41.051388 d60                            Options.rate_limiter: 0000000000000000
2023/07/09-13:29:41.051405 d60     Options.sst_file_manager.rate_bytes_per_sec: 0
2023/07/09-13:29:41.051422 d60                       Options.wal_recovery_mode: 2
2023/07/09-13:29:41.051439 d60                  Options.enable_thread_tracking: 0
2023/07/09-13:29:41.051455 d60                  Options.enable_pipelined_write: 0
2023/07/09-13:29:41.051470 d60                  Options.unordered_write: 0
2023/07/09-13:29:41.051485 d60         Options.allow_concurrent_memtable_write: 1
2023/07/09-13:29:41.051499 d60      Options.enable_write_thread_adaptive_yield: 1
2023/07/09-13:29:41.051515 d60             Options.write_thread_max_yield_usec: 100
2023/07/09-13:29:41.051530 d60            Options.write_thread_slow_yield_usec: 3
2023/07/09-13:29:41.051545 d60                               Options.row_cache: None
2023/07/09-13:29:41.051560 d60                              Options.wal_filter: None
2023/07/09-13:29:41.051575 d60             Options.avoid_flush_during_recovery: 0
2023/07/09-13:29:41.051590 d60             Options.allow_ingest_behind: 0
2023/07/09-13:29:41.051604 d60             Options.two_write_queues: 0
2023/07/09-13:29:41.051619 d60             Options.manual_wal_flush: 0
2023/07/09-13:29:41.051635 d60             Options.wal_compression: 0
2023/07/09-13:29:41.051654 d60             Options.atomic_flush: 0
2023/07/09-13:29:41.051670 d60             Options.avoid_unnecessary_blocking_io: 0
2023/07/09-13:29:41.051685 d60                 Options.persist_stats_to_disk: 0
2023/07/09-13:29:41.051700 d60                 Options.write_dbid_to_manifest: 0
2023/07/09-13:29:41.051715 d60                 Options.log_readahead_size: 0
2023/07/09-13:29:41.051730 d60                 Options.file_checksum_gen_factory: Unknown
2023/07/09-13:29:41.051746 d60                 Options.best_efforts_recovery: 0
2023/07/09-13:29:41.051762 d60                Options.max_bgerror_resume_count: 2147483647
2023/07/09-13:29:41.051777 d60            Options.bgerror_resume_retry_interval: 1000000
2023/07/09-13:29:41.051795 d60             Options.allow_data_in_errors: 0
2023/07/09-13:29:41.051825 d60             Options.db_host_id: __hostname__
2023/07/09-13:29:41.051843 d60             Options.enforce_single_del_contracts: true
2023/07/09-13:29:41.051860 d60             Options.max_background_jobs: 2
2023/07/09-13:29:41.051876 d60             Options.max_background_compactions: -1
2023/07/09-13:29:41.051895 d60             Options.max_subcompactions: 1
2023/07/09-13:29:41.051910 d60             Options.avoid_flush_during_shutdown: 0
2023/07/09-13:29:41.051927 d60           Options.writable_file_max_buffer_size: 1048576
2023/07/09-13:29:41.051942 d60             Options.delayed_write_rate : 16777216
2023/07/09-13:29:41.051957 d60             Options.max_total_wal_size: 0
2023/07/09-13:29:41.051972 d60             Options.delete_obsolete_files_period_micros: 21600000000
2023/07/09-13:29:41.051986 d60                   Options.stats_dump_period_sec: 0
2023/07/09-13:29:41.052001 d60                 Options.stats_persist_period_sec: 0
2023/07/09-13:29:41.052016 d60                 Options.stats_history_buffer_size: 65536
2023/07/09-13:29:41.052030 d60                          Options.max_open_files: -1
2023/07/09-13:29:41.052045 d60                          Options.bytes_per_sync: 0
2023/07/09-13:29:41.052059 d60                      Options.wal_bytes_per_sync: 0
2023/07/09-13:29:41.052073 d60                   Options.strict_bytes_per_sync: 0
2023/07/09-13:29:41.052087 d60       Options.compaction_readahead_size: 0
2023/07/09-13:29:41.052101 d60                  Options.max_background_flushes: -1
2023/07/09-13:29:41.052115 d60 Compression algorithms supported:
2023/07/09-13:29:41.052130 d60 	kZSTD supported: 1
2023/07/09-13:29:41.052145 d60 	kSnappyCompression supported: 1
2023/07/09-13:29:41.052161 d60 	kBZip2Compression supported: 0
2023/07/09-13:29:41.052217 d60 	kZlibCompression supported: 1
2023/07/09-13:29:41.052234 d60 	kLZ4Compression supported: 1
2023/07/09-13:29:41.052249 d60 	kXpressCompression supported: 0
2023/07/09-13:29:41.052263 d60 	kLZ4HCCompression supported: 1
2023/07/09-13:29:41.052277 d60 	kZSTDNotFinalCompression supported: 1
2023/07/09-13:29:41.052291 d60 Fast CRC32 supported: Not supported on x86
2023/07/09-13:29:41.052305 d60 DMutex implementation: std::mutex
2023/07/09-13:29:41.080204 d60 [WARN] [db\db_impl\db_impl_open.cc:2055] DB::Open() failed: Corruption: CURRENT file corrupted
2023/07/09-13:29:41.080220 d60 [db\db_impl\db_impl.cc:480] Shutdown: canceling all background work
2023/07/09-13:29:41.080274 d60 [db\db_impl\db_impl.cc:710] Shutdown complete
