2023/07/09-13:29:41.226613 5a9c RocksDB version: 7.4.5
2023/07/09-13:29:41.226713 5a9c Git sha e072c129d57a0883370034cecf6774c745c40f76
2023/07/09-13:29:41.226743 5a9c Compile date 2022-08-15 17:16:22
2023/07/09-13:29:41.226765 5a9c DB SUMMARY
2023/07/09-13:29:41.226787 5a9c DB Session ID:  B39RAD6MD26O8CZNPG6U
2023/07/09-13:29:41.260222 5a9c CURRENT file:  CURRENT
2023/07/09-13:29:41.260263 5a9c IDENTITY file:  IDENTITY
2023/07/09-13:29:41.260372 5a9c MANIFEST file:  MANIFEST-000049 size: 74 Bytes
2023/07/09-13:29:41.260410 5a9c SST files in C:\Users\sschneider\Github\siteSync\sparkplug\hivemq-ce-2023.3\hivemq-ce-2023.3\data\persistence\retained_messages\040500_R\retained_messages_38 dir, Total Num: 0, files: 
2023/07/09-13:29:41.260434 5a9c Write Ahead Log file in C:\Users\sschneider\Github\siteSync\sparkplug\hivemq-ce-2023.3\hivemq-ce-2023.3\data\persistence\retained_messages\040500_R\retained_messages_38: 000004.log size: 969 ; 000008.log size: 0 ; 000012.log size: 304 ; 000016.log size: 0 ; 000020.log size: 0 ; 000024.log size: 38 ; 000028.log size: 76 ; 000032.log size: 0 ; 000036.log size: 570 ; 000040.log size: 0 ; 000044.log size: 2546 ; 000048.log size: 4845 ; 
2023/07/09-13:29:41.260628 5a9c                         Options.error_if_exists: 0
2023/07/09-13:29:41.260649 5a9c                       Options.create_if_missing: 1
2023/07/09-13:29:41.260661 5a9c                         Options.paranoid_checks: 1
2023/07/09-13:29:41.260672 5a9c             Options.flush_verify_memtable_count: 1
2023/07/09-13:29:41.260684 5a9c                               Options.track_and_verify_wals_in_manifest: 0
2023/07/09-13:29:41.260695 5a9c        Options.verify_sst_unique_id_in_manifest: 0
2023/07/09-13:29:41.260706 5a9c                                     Options.env: 000002596DCCE060
2023/07/09-13:29:41.260717 5a9c                                      Options.fs: WinFS
2023/07/09-13:29:41.260727 5a9c                                Options.info_log: 000002596F69C5E0
2023/07/09-13:29:41.260738 5a9c                Options.max_file_opening_threads: 16
2023/07/09-13:29:41.260750 5a9c                              Options.statistics: 000002596F276780
2023/07/09-13:29:41.260760 5a9c                               Options.use_fsync: 0
2023/07/09-13:29:41.260771 5a9c                       Options.max_log_file_size: 512000
2023/07/09-13:29:41.260782 5a9c                  Options.max_manifest_file_size: 1073741824
2023/07/09-13:29:41.260793 5a9c                   Options.log_file_time_to_roll: 0
2023/07/09-13:29:41.260803 5a9c                       Options.keep_log_file_num: 2
2023/07/09-13:29:41.260812 5a9c                    Options.recycle_log_file_num: 0
2023/07/09-13:29:41.260822 5a9c                         Options.allow_fallocate: 1
2023/07/09-13:29:41.260832 5a9c                        Options.allow_mmap_reads: 0
2023/07/09-13:29:41.260842 5a9c                       Options.allow_mmap_writes: 0
2023/07/09-13:29:41.260853 5a9c                        Options.use_direct_reads: 0
2023/07/09-13:29:41.260863 5a9c                        Options.use_direct_io_for_flush_and_compaction: 0
2023/07/09-13:29:41.260875 5a9c          Options.create_missing_column_families: 0
2023/07/09-13:29:41.260885 5a9c                              Options.db_log_dir: 
2023/07/09-13:29:41.260895 5a9c                                 Options.wal_dir: 
2023/07/09-13:29:41.260907 5a9c                Options.table_cache_numshardbits: 6
2023/07/09-13:29:41.260919 5a9c                         Options.WAL_ttl_seconds: 0
2023/07/09-13:29:41.260929 5a9c                       Options.WAL_size_limit_MB: 0
2023/07/09-13:29:41.260940 5a9c                        Options.max_write_batch_group_size_bytes: 1048576
2023/07/09-13:29:41.260951 5a9c             Options.manifest_preallocation_size: 4194304
2023/07/09-13:29:41.260961 5a9c                     Options.is_fd_close_on_exec: 1
2023/07/09-13:29:41.261023 5a9c                   Options.advise_random_on_open: 1
2023/07/09-13:29:41.261045 5a9c                   Options.experimental_mempurge_threshold: 0.000000
2023/07/09-13:29:41.261058 5a9c                    Options.db_write_buffer_size: 0
2023/07/09-13:29:41.261107 5a9c                    Options.write_buffer_manager: 000002596F828C60
2023/07/09-13:29:41.261120 5a9c         Options.access_hint_on_compaction_start: 1
2023/07/09-13:29:41.261131 5a9c           Options.random_access_max_buffer_size: 1048576
2023/07/09-13:29:41.261142 5a9c                      Options.use_adaptive_mutex: 0
2023/07/09-13:29:41.261152 5a9c                            Options.rate_limiter: 0000000000000000
2023/07/09-13:29:41.261172 5a9c     Options.sst_file_manager.rate_bytes_per_sec: 0
2023/07/09-13:29:41.261208 5a9c                       Options.wal_recovery_mode: 2
2023/07/09-13:29:41.261222 5a9c                  Options.enable_thread_tracking: 0
2023/07/09-13:29:41.261232 5a9c                  Options.enable_pipelined_write: 0
2023/07/09-13:29:41.261243 5a9c                  Options.unordered_write: 0
2023/07/09-13:29:41.261254 5a9c         Options.allow_concurrent_memtable_write: 1
2023/07/09-13:29:41.261264 5a9c      Options.enable_write_thread_adaptive_yield: 1
2023/07/09-13:29:41.261274 5a9c             Options.write_thread_max_yield_usec: 100
2023/07/09-13:29:41.261283 5a9c            Options.write_thread_slow_yield_usec: 3
2023/07/09-13:29:41.261293 5a9c                               Options.row_cache: None
2023/07/09-13:29:41.261303 5a9c                              Options.wal_filter: None
2023/07/09-13:29:41.261312 5a9c             Options.avoid_flush_during_recovery: 0
2023/07/09-13:29:41.261322 5a9c             Options.allow_ingest_behind: 0
2023/07/09-13:29:41.261331 5a9c             Options.two_write_queues: 0
2023/07/09-13:29:41.261345 5a9c             Options.manual_wal_flush: 0
2023/07/09-13:29:41.261355 5a9c             Options.wal_compression: 0
2023/07/09-13:29:41.261364 5a9c             Options.atomic_flush: 0
2023/07/09-13:29:41.261374 5a9c             Options.avoid_unnecessary_blocking_io: 0
2023/07/09-13:29:41.261389 5a9c                 Options.persist_stats_to_disk: 0
2023/07/09-13:29:41.261400 5a9c                 Options.write_dbid_to_manifest: 0
2023/07/09-13:29:41.261412 5a9c                 Options.log_readahead_size: 0
2023/07/09-13:29:41.261422 5a9c                 Options.file_checksum_gen_factory: Unknown
2023/07/09-13:29:41.261432 5a9c                 Options.best_efforts_recovery: 0
2023/07/09-13:29:41.261441 5a9c                Options.max_bgerror_resume_count: 2147483647
2023/07/09-13:29:41.261458 5a9c            Options.bgerror_resume_retry_interval: 1000000
2023/07/09-13:29:41.261469 5a9c             Options.allow_data_in_errors: 0
2023/07/09-13:29:41.261479 5a9c             Options.db_host_id: __hostname__
2023/07/09-13:29:41.261489 5a9c             Options.enforce_single_del_contracts: true
2023/07/09-13:29:41.261498 5a9c             Options.max_background_jobs: 2
2023/07/09-13:29:41.261508 5a9c             Options.max_background_compactions: -1
2023/07/09-13:29:41.261518 5a9c             Options.max_subcompactions: 1
2023/07/09-13:29:41.261527 5a9c             Options.avoid_flush_during_shutdown: 0
2023/07/09-13:29:41.261537 5a9c           Options.writable_file_max_buffer_size: 1048576
2023/07/09-13:29:41.261547 5a9c             Options.delayed_write_rate : 16777216
2023/07/09-13:29:41.261557 5a9c             Options.max_total_wal_size: 0
2023/07/09-13:29:41.261573 5a9c             Options.delete_obsolete_files_period_micros: 21600000000
2023/07/09-13:29:41.261583 5a9c                   Options.stats_dump_period_sec: 0
2023/07/09-13:29:41.261593 5a9c                 Options.stats_persist_period_sec: 0
2023/07/09-13:29:41.261604 5a9c                 Options.stats_history_buffer_size: 65536
2023/07/09-13:29:41.261615 5a9c                          Options.max_open_files: -1
2023/07/09-13:29:41.261625 5a9c                          Options.bytes_per_sync: 0
2023/07/09-13:29:41.261635 5a9c                      Options.wal_bytes_per_sync: 0
2023/07/09-13:29:41.261645 5a9c                   Options.strict_bytes_per_sync: 0
2023/07/09-13:29:41.261656 5a9c       Options.compaction_readahead_size: 0
2023/07/09-13:29:41.261759 5a9c                  Options.max_background_flushes: -1
2023/07/09-13:29:41.261776 5a9c Compression algorithms supported:
2023/07/09-13:29:41.261787 5a9c 	kZSTD supported: 1
2023/07/09-13:29:41.261797 5a9c 	kSnappyCompression supported: 1
2023/07/09-13:29:41.261806 5a9c 	kBZip2Compression supported: 0
2023/07/09-13:29:41.261816 5a9c 	kZlibCompression supported: 1
2023/07/09-13:29:41.261829 5a9c 	kLZ4Compression supported: 1
2023/07/09-13:29:41.261840 5a9c 	kXpressCompression supported: 0
2023/07/09-13:29:41.261852 5a9c 	kLZ4HCCompression supported: 1
2023/07/09-13:29:41.261863 5a9c 	kZSTDNotFinalCompression supported: 1
2023/07/09-13:29:41.261874 5a9c Fast CRC32 supported: Not supported on x86
2023/07/09-13:29:41.261885 5a9c DMutex implementation: std::mutex
2023/07/09-13:29:41.265525 5a9c [WARN] [db\db_impl\db_impl_open.cc:2055] DB::Open() failed: Corruption: CURRENT file corrupted
2023/07/09-13:29:41.265545 5a9c [db\db_impl\db_impl.cc:480] Shutdown: canceling all background work
2023/07/09-13:29:41.265738 5a9c [db\db_impl\db_impl.cc:710] Shutdown complete
