2023/07/09-13:29:40.981119 5a9c RocksDB version: 7.4.5
2023/07/09-13:29:40.981194 5a9c Git sha e072c129d57a0883370034cecf6774c745c40f76
2023/07/09-13:29:40.981217 5a9c Compile date 2022-08-15 17:16:22
2023/07/09-13:29:40.981231 5a9c DB SUMMARY
2023/07/09-13:29:40.981244 5a9c DB Session ID:  B39RAD6MD26O8CZNPG7R
2023/07/09-13:29:41.007294 5a9c CURRENT file:  CURRENT
2023/07/09-13:29:41.007325 5a9c IDENTITY file:  IDENTITY
2023/07/09-13:29:41.009860 5a9c MANIFEST file:  MANIFEST-000050 size: 170 Bytes
2023/07/09-13:29:41.009895 5a9c SST files in C:\Users\sschneider\Github\siteSync\sparkplug\hivemq-ce-2023.3\hivemq-ce-2023.3\data\persistence\publish_payload_store\040500_R\publish_payload_store_26 dir, Total Num: 1, files: 000048.sst 
2023/07/09-13:29:41.009912 5a9c Write Ahead Log file in C:\Users\sschneider\Github\siteSync\sparkplug\hivemq-ce-2023.3\hivemq-ce-2023.3\data\persistence\publish_payload_store\040500_R\publish_payload_store_26: 000049.log size: 100 ; 
2023/07/09-13:29:41.010020 5a9c                         Options.error_if_exists: 0
2023/07/09-13:29:41.010030 5a9c                       Options.create_if_missing: 1
2023/07/09-13:29:41.010038 5a9c                         Options.paranoid_checks: 1
2023/07/09-13:29:41.010045 5a9c             Options.flush_verify_memtable_count: 1
2023/07/09-13:29:41.010053 5a9c                               Options.track_and_verify_wals_in_manifest: 0
2023/07/09-13:29:41.010060 5a9c        Options.verify_sst_unique_id_in_manifest: 0
2023/07/09-13:29:41.010067 5a9c                                     Options.env: 000002596DCCE060
2023/07/09-13:29:41.010074 5a9c                                      Options.fs: WinFS
2023/07/09-13:29:41.010081 5a9c                                Options.info_log: 000002596E1A3DB0
2023/07/09-13:29:41.010088 5a9c                Options.max_file_opening_threads: 16
2023/07/09-13:29:41.010096 5a9c                              Options.statistics: 000002596D61CAE0
2023/07/09-13:29:41.010103 5a9c                               Options.use_fsync: 0
2023/07/09-13:29:41.010110 5a9c                       Options.max_log_file_size: 512000
2023/07/09-13:29:41.010117 5a9c                  Options.max_manifest_file_size: 1073741824
2023/07/09-13:29:41.010124 5a9c                   Options.log_file_time_to_roll: 0
2023/07/09-13:29:41.010132 5a9c                       Options.keep_log_file_num: 2
2023/07/09-13:29:41.010139 5a9c                    Options.recycle_log_file_num: 0
2023/07/09-13:29:41.010147 5a9c                         Options.allow_fallocate: 1
2023/07/09-13:29:41.010156 5a9c                        Options.allow_mmap_reads: 0
2023/07/09-13:29:41.010163 5a9c                       Options.allow_mmap_writes: 0
2023/07/09-13:29:41.010171 5a9c                        Options.use_direct_reads: 0
2023/07/09-13:29:41.010179 5a9c                        Options.use_direct_io_for_flush_and_compaction: 0
2023/07/09-13:29:41.010187 5a9c          Options.create_missing_column_families: 0
2023/07/09-13:29:41.010194 5a9c                              Options.db_log_dir: 
2023/07/09-13:29:41.010202 5a9c                                 Options.wal_dir: 
2023/07/09-13:29:41.010209 5a9c                Options.table_cache_numshardbits: 6
2023/07/09-13:29:41.010217 5a9c                         Options.WAL_ttl_seconds: 0
2023/07/09-13:29:41.010225 5a9c                       Options.WAL_size_limit_MB: 0
2023/07/09-13:29:41.010233 5a9c                        Options.max_write_batch_group_size_bytes: 1048576
2023/07/09-13:29:41.010241 5a9c             Options.manifest_preallocation_size: 4194304
2023/07/09-13:29:41.010248 5a9c                     Options.is_fd_close_on_exec: 1
2023/07/09-13:29:41.010256 5a9c                   Options.advise_random_on_open: 1
2023/07/09-13:29:41.010264 5a9c                   Options.experimental_mempurge_threshold: 0.000000
2023/07/09-13:29:41.010273 5a9c                    Options.db_write_buffer_size: 0
2023/07/09-13:29:41.010281 5a9c                    Options.write_buffer_manager: 000002596F2EA090
2023/07/09-13:29:41.010289 5a9c         Options.access_hint_on_compaction_start: 1
2023/07/09-13:29:41.010313 5a9c           Options.random_access_max_buffer_size: 1048576
2023/07/09-13:29:41.010323 5a9c                      Options.use_adaptive_mutex: 0
2023/07/09-13:29:41.010331 5a9c                            Options.rate_limiter: 0000000000000000
2023/07/09-13:29:41.010339 5a9c     Options.sst_file_manager.rate_bytes_per_sec: 0
2023/07/09-13:29:41.010346 5a9c                       Options.wal_recovery_mode: 2
2023/07/09-13:29:41.010353 5a9c                  Options.enable_thread_tracking: 0
2023/07/09-13:29:41.010361 5a9c                  Options.enable_pipelined_write: 0
2023/07/09-13:29:41.010367 5a9c                  Options.unordered_write: 0
2023/07/09-13:29:41.010375 5a9c         Options.allow_concurrent_memtable_write: 1
2023/07/09-13:29:41.010385 5a9c      Options.enable_write_thread_adaptive_yield: 1
2023/07/09-13:29:41.010392 5a9c             Options.write_thread_max_yield_usec: 100
2023/07/09-13:29:41.010399 5a9c            Options.write_thread_slow_yield_usec: 3
2023/07/09-13:29:41.010406 5a9c                               Options.row_cache: None
2023/07/09-13:29:41.010417 5a9c                              Options.wal_filter: None
2023/07/09-13:29:41.010426 5a9c             Options.avoid_flush_during_recovery: 0
2023/07/09-13:29:41.010435 5a9c             Options.allow_ingest_behind: 0
2023/07/09-13:29:41.010444 5a9c             Options.two_write_queues: 0
2023/07/09-13:29:41.010451 5a9c             Options.manual_wal_flush: 0
2023/07/09-13:29:41.010458 5a9c             Options.wal_compression: 0
2023/07/09-13:29:41.010465 5a9c             Options.atomic_flush: 0
2023/07/09-13:29:41.010472 5a9c             Options.avoid_unnecessary_blocking_io: 0
2023/07/09-13:29:41.010479 5a9c                 Options.persist_stats_to_disk: 0
2023/07/09-13:29:41.010489 5a9c                 Options.write_dbid_to_manifest: 0
2023/07/09-13:29:41.010499 5a9c                 Options.log_readahead_size: 0
2023/07/09-13:29:41.010508 5a9c                 Options.file_checksum_gen_factory: Unknown
2023/07/09-13:29:41.010518 5a9c                 Options.best_efforts_recovery: 0
2023/07/09-13:29:41.010529 5a9c                Options.max_bgerror_resume_count: 2147483647
2023/07/09-13:29:41.010537 5a9c            Options.bgerror_resume_retry_interval: 1000000
2023/07/09-13:29:41.010547 5a9c             Options.allow_data_in_errors: 0
2023/07/09-13:29:41.010557 5a9c             Options.db_host_id: __hostname__
2023/07/09-13:29:41.010567 5a9c             Options.enforce_single_del_contracts: true
2023/07/09-13:29:41.010575 5a9c             Options.max_background_jobs: 2
2023/07/09-13:29:41.010582 5a9c             Options.max_background_compactions: -1
2023/07/09-13:29:41.010589 5a9c             Options.max_subcompactions: 1
2023/07/09-13:29:41.010596 5a9c             Options.avoid_flush_during_shutdown: 0
2023/07/09-13:29:41.010604 5a9c           Options.writable_file_max_buffer_size: 1048576
2023/07/09-13:29:41.010611 5a9c             Options.delayed_write_rate : 16777216
2023/07/09-13:29:41.010618 5a9c             Options.max_total_wal_size: 0
2023/07/09-13:29:41.010628 5a9c             Options.delete_obsolete_files_period_micros: 21600000000
2023/07/09-13:29:41.010639 5a9c                   Options.stats_dump_period_sec: 0
2023/07/09-13:29:41.010648 5a9c                 Options.stats_persist_period_sec: 0
2023/07/09-13:29:41.010657 5a9c                 Options.stats_history_buffer_size: 65536
2023/07/09-13:29:41.010666 5a9c                          Options.max_open_files: -1
2023/07/09-13:29:41.010676 5a9c                          Options.bytes_per_sync: 0
2023/07/09-13:29:41.010687 5a9c                      Options.wal_bytes_per_sync: 0
2023/07/09-13:29:41.010698 5a9c                   Options.strict_bytes_per_sync: 0
2023/07/09-13:29:41.010710 5a9c       Options.compaction_readahead_size: 0
2023/07/09-13:29:41.010720 5a9c                  Options.max_background_flushes: -1
2023/07/09-13:29:41.010729 5a9c Compression algorithms supported:
2023/07/09-13:29:41.010739 5a9c 	kZSTD supported: 1
2023/07/09-13:29:41.010765 5a9c 	kSnappyCompression supported: 1
2023/07/09-13:29:41.010773 5a9c 	kBZip2Compression supported: 0
2023/07/09-13:29:41.010782 5a9c 	kZlibCompression supported: 1
2023/07/09-13:29:41.010793 5a9c 	kLZ4Compression supported: 1
2023/07/09-13:29:41.010800 5a9c 	kXpressCompression supported: 0
2023/07/09-13:29:41.010807 5a9c 	kLZ4HCCompression supported: 1
2023/07/09-13:29:41.010814 5a9c 	kZSTDNotFinalCompression supported: 1
2023/07/09-13:29:41.010822 5a9c Fast CRC32 supported: Not supported on x86
2023/07/09-13:29:41.010829 5a9c DMutex implementation: std::mutex
2023/07/09-13:29:41.029505 5a9c [WARN] [db\db_impl\db_impl_open.cc:2055] DB::Open() failed: Corruption: CURRENT file corrupted
2023/07/09-13:29:41.029519 5a9c [db\db_impl\db_impl.cc:480] Shutdown: canceling all background work
2023/07/09-13:29:41.029571 5a9c [db\db_impl\db_impl.cc:710] Shutdown complete
