2023/07/09-13:29:41.212361 3b50 RocksDB version: 7.4.5
2023/07/09-13:29:41.212509 3b50 Git sha e072c129d57a0883370034cecf6774c745c40f76
2023/07/09-13:29:41.212563 3b50 Compile date 2022-08-15 17:16:22
2023/07/09-13:29:41.212585 3b50 DB SUMMARY
2023/07/09-13:29:41.212605 3b50 DB Session ID:  B39RAD6MD26O8CZNPG6Q
2023/07/09-13:29:41.228645 3b50 CURRENT file:  CURRENT
2023/07/09-13:29:41.228676 3b50 IDENTITY file:  IDENTITY
2023/07/09-13:29:41.232814 3b50 MANIFEST file:  MANIFEST-000050 size: 218 Bytes
2023/07/09-13:29:41.232875 3b50 SST files in C:\Users\sschneider\Github\siteSync\sparkplug\hivemq-ce-2023.3\hivemq-ce-2023.3\data\persistence\retained_messages\040500_R\retained_messages_62 dir, Total Num: 1, files: 000048.sst 
2023/07/09-13:29:41.232916 3b50 Write Ahead Log file in C:\Users\sschneider\Github\siteSync\sparkplug\hivemq-ce-2023.3\hivemq-ce-2023.3\data\persistence\retained_messages\040500_R\retained_messages_62: 000049.log size: 4826 ; 
2023/07/09-13:29:41.233471 3b50                         Options.error_if_exists: 0
2023/07/09-13:29:41.233499 3b50                       Options.create_if_missing: 1
2023/07/09-13:29:41.233518 3b50                         Options.paranoid_checks: 1
2023/07/09-13:29:41.233537 3b50             Options.flush_verify_memtable_count: 1
2023/07/09-13:29:41.233557 3b50                               Options.track_and_verify_wals_in_manifest: 0
2023/07/09-13:29:41.233575 3b50        Options.verify_sst_unique_id_in_manifest: 0
2023/07/09-13:29:41.233594 3b50                                     Options.env: 000002596DCCE060
2023/07/09-13:29:41.233615 3b50                                      Options.fs: WinFS
2023/07/09-13:29:41.233635 3b50                                Options.info_log: 000002596F6A2260
2023/07/09-13:29:41.233652 3b50                Options.max_file_opening_threads: 16
2023/07/09-13:29:41.233669 3b50                              Options.statistics: 000002596F276780
2023/07/09-13:29:41.233686 3b50                               Options.use_fsync: 0
2023/07/09-13:29:41.233715 3b50                       Options.max_log_file_size: 512000
2023/07/09-13:29:41.233744 3b50                  Options.max_manifest_file_size: 1073741824
2023/07/09-13:29:41.233763 3b50                   Options.log_file_time_to_roll: 0
2023/07/09-13:29:41.233781 3b50                       Options.keep_log_file_num: 2
2023/07/09-13:29:41.233799 3b50                    Options.recycle_log_file_num: 0
2023/07/09-13:29:41.233817 3b50                         Options.allow_fallocate: 1
2023/07/09-13:29:41.233834 3b50                        Options.allow_mmap_reads: 0
2023/07/09-13:29:41.233851 3b50                       Options.allow_mmap_writes: 0
2023/07/09-13:29:41.233868 3b50                        Options.use_direct_reads: 0
2023/07/09-13:29:41.233887 3b50                        Options.use_direct_io_for_flush_and_compaction: 0
2023/07/09-13:29:41.233903 3b50          Options.create_missing_column_families: 0
2023/07/09-13:29:41.233920 3b50                              Options.db_log_dir: 
2023/07/09-13:29:41.233939 3b50                                 Options.wal_dir: 
2023/07/09-13:29:41.233956 3b50                Options.table_cache_numshardbits: 6
2023/07/09-13:29:41.233972 3b50                         Options.WAL_ttl_seconds: 0
2023/07/09-13:29:41.233988 3b50                       Options.WAL_size_limit_MB: 0
2023/07/09-13:29:41.234005 3b50                        Options.max_write_batch_group_size_bytes: 1048576
2023/07/09-13:29:41.234021 3b50             Options.manifest_preallocation_size: 4194304
2023/07/09-13:29:41.234039 3b50                     Options.is_fd_close_on_exec: 1
2023/07/09-13:29:41.234056 3b50                   Options.advise_random_on_open: 1
2023/07/09-13:29:41.234074 3b50                   Options.experimental_mempurge_threshold: 0.000000
2023/07/09-13:29:41.234093 3b50                    Options.db_write_buffer_size: 0
2023/07/09-13:29:41.234111 3b50                    Options.write_buffer_manager: 000002596FEDE1B0
2023/07/09-13:29:41.234128 3b50         Options.access_hint_on_compaction_start: 1
2023/07/09-13:29:41.234193 3b50           Options.random_access_max_buffer_size: 1048576
2023/07/09-13:29:41.234216 3b50                      Options.use_adaptive_mutex: 0
2023/07/09-13:29:41.234233 3b50                            Options.rate_limiter: 0000000000000000
2023/07/09-13:29:41.234250 3b50     Options.sst_file_manager.rate_bytes_per_sec: 0
2023/07/09-13:29:41.234267 3b50                       Options.wal_recovery_mode: 2
2023/07/09-13:29:41.234284 3b50                  Options.enable_thread_tracking: 0
2023/07/09-13:29:41.234302 3b50                  Options.enable_pipelined_write: 0
2023/07/09-13:29:41.234320 3b50                  Options.unordered_write: 0
2023/07/09-13:29:41.234338 3b50         Options.allow_concurrent_memtable_write: 1
2023/07/09-13:29:41.234356 3b50      Options.enable_write_thread_adaptive_yield: 1
2023/07/09-13:29:41.234373 3b50             Options.write_thread_max_yield_usec: 100
2023/07/09-13:29:41.234396 3b50            Options.write_thread_slow_yield_usec: 3
2023/07/09-13:29:41.234413 3b50                               Options.row_cache: None
2023/07/09-13:29:41.234430 3b50                              Options.wal_filter: None
2023/07/09-13:29:41.234447 3b50             Options.avoid_flush_during_recovery: 0
2023/07/09-13:29:41.234464 3b50             Options.allow_ingest_behind: 0
2023/07/09-13:29:41.234481 3b50             Options.two_write_queues: 0
2023/07/09-13:29:41.234497 3b50             Options.manual_wal_flush: 0
2023/07/09-13:29:41.234517 3b50             Options.wal_compression: 0
2023/07/09-13:29:41.234534 3b50             Options.atomic_flush: 0
2023/07/09-13:29:41.234551 3b50             Options.avoid_unnecessary_blocking_io: 0
2023/07/09-13:29:41.234567 3b50                 Options.persist_stats_to_disk: 0
2023/07/09-13:29:41.234583 3b50                 Options.write_dbid_to_manifest: 0
2023/07/09-13:29:41.234598 3b50                 Options.log_readahead_size: 0
2023/07/09-13:29:41.234615 3b50                 Options.file_checksum_gen_factory: Unknown
2023/07/09-13:29:41.234633 3b50                 Options.best_efforts_recovery: 0
2023/07/09-13:29:41.234651 3b50                Options.max_bgerror_resume_count: 2147483647
2023/07/09-13:29:41.234667 3b50            Options.bgerror_resume_retry_interval: 1000000
2023/07/09-13:29:41.234684 3b50             Options.allow_data_in_errors: 0
2023/07/09-13:29:41.234700 3b50             Options.db_host_id: __hostname__
2023/07/09-13:29:41.234717 3b50             Options.enforce_single_del_contracts: true
2023/07/09-13:29:41.234734 3b50             Options.max_background_jobs: 2
2023/07/09-13:29:41.234751 3b50             Options.max_background_compactions: -1
2023/07/09-13:29:41.234767 3b50             Options.max_subcompactions: 1
2023/07/09-13:29:41.234785 3b50             Options.avoid_flush_during_shutdown: 0
2023/07/09-13:29:41.234802 3b50           Options.writable_file_max_buffer_size: 1048576
2023/07/09-13:29:41.234819 3b50             Options.delayed_write_rate : 16777216
2023/07/09-13:29:41.234838 3b50             Options.max_total_wal_size: 0
2023/07/09-13:29:41.234854 3b50             Options.delete_obsolete_files_period_micros: 21600000000
2023/07/09-13:29:41.234871 3b50                   Options.stats_dump_period_sec: 0
2023/07/09-13:29:41.234887 3b50                 Options.stats_persist_period_sec: 0
2023/07/09-13:29:41.234904 3b50                 Options.stats_history_buffer_size: 65536
2023/07/09-13:29:41.234921 3b50                          Options.max_open_files: -1
2023/07/09-13:29:41.234936 3b50                          Options.bytes_per_sync: 0
2023/07/09-13:29:41.234952 3b50                      Options.wal_bytes_per_sync: 0
2023/07/09-13:29:41.234967 3b50                   Options.strict_bytes_per_sync: 0
2023/07/09-13:29:41.234983 3b50       Options.compaction_readahead_size: 0
2023/07/09-13:29:41.234999 3b50                  Options.max_background_flushes: -1
2023/07/09-13:29:41.235016 3b50 Compression algorithms supported:
2023/07/09-13:29:41.235033 3b50 	kZSTD supported: 1
2023/07/09-13:29:41.235050 3b50 	kSnappyCompression supported: 1
2023/07/09-13:29:41.235133 3b50 	kBZip2Compression supported: 0
2023/07/09-13:29:41.235157 3b50 	kZlibCompression supported: 1
2023/07/09-13:29:41.235174 3b50 	kLZ4Compression supported: 1
2023/07/09-13:29:41.235190 3b50 	kXpressCompression supported: 0
2023/07/09-13:29:41.235206 3b50 	kLZ4HCCompression supported: 1
2023/07/09-13:29:41.235222 3b50 	kZSTDNotFinalCompression supported: 1
2023/07/09-13:29:41.235237 3b50 Fast CRC32 supported: Not supported on x86
2023/07/09-13:29:41.235254 3b50 DMutex implementation: std::mutex
2023/07/09-13:29:41.257254 3b50 [WARN] [db\db_impl\db_impl_open.cc:2055] DB::Open() failed: Corruption: CURRENT file corrupted
2023/07/09-13:29:41.257288 3b50 [db\db_impl\db_impl.cc:480] Shutdown: canceling all background work
2023/07/09-13:29:41.257399 3b50 [db\db_impl\db_impl.cc:710] Shutdown complete
