2023/07/09-13:29:41.045655 2f74 RocksDB version: 7.4.5
2023/07/09-13:29:41.045804 2f74 Git sha e072c129d57a0883370034cecf6774c745c40f76
2023/07/09-13:29:41.045868 2f74 Compile date 2022-08-15 17:16:22
2023/07/09-13:29:41.045938 2f74 DB SUMMARY
2023/07/09-13:29:41.045979 2f74 DB Session ID:  B39RAD6MD26O8CZNPG5N
2023/07/09-13:29:41.107404 2f74 CURRENT file:  CURRENT
2023/07/09-13:29:41.107444 2f74 IDENTITY file:  IDENTITY
2023/07/09-13:29:41.107566 2f74 MANIFEST file:  MANIFEST-000052 size: 344 Bytes
2023/07/09-13:29:41.107594 2f74 SST files in C:\Users\sschneider\Github\siteSync\sparkplug\hivemq-ce-2023.3\hivemq-ce-2023.3\data\persistence\publish_payload_store\040500_R\publish_payload_store_59 dir, Total Num: 3, files: 000028.sst 000033.sst 000050.sst 
2023/07/09-13:29:41.107724 2f74 Write Ahead Log file in C:\Users\sschneider\Github\siteSync\sparkplug\hivemq-ce-2023.3\hivemq-ce-2023.3\data\persistence\publish_payload_store\040500_R\publish_payload_store_59: 000051.log size: 318 ; 
2023/07/09-13:29:41.107739 2f74                         Options.error_if_exists: 0
2023/07/09-13:29:41.107747 2f74                       Options.create_if_missing: 1
2023/07/09-13:29:41.107755 2f74                         Options.paranoid_checks: 1
2023/07/09-13:29:41.107764 2f74             Options.flush_verify_memtable_count: 1
2023/07/09-13:29:41.107771 2f74                               Options.track_and_verify_wals_in_manifest: 0
2023/07/09-13:29:41.107780 2f74        Options.verify_sst_unique_id_in_manifest: 0
2023/07/09-13:29:41.107788 2f74                                     Options.env: 000002596DCCE060
2023/07/09-13:29:41.107796 2f74                                      Options.fs: WinFS
2023/07/09-13:29:41.107804 2f74                                Options.info_log: 000002596F7FE230
2023/07/09-13:29:41.107811 2f74                Options.max_file_opening_threads: 16
2023/07/09-13:29:41.107819 2f74                              Options.statistics: 000002596D61CAE0
2023/07/09-13:29:41.107826 2f74                               Options.use_fsync: 0
2023/07/09-13:29:41.107833 2f74                       Options.max_log_file_size: 512000
2023/07/09-13:29:41.107840 2f74                  Options.max_manifest_file_size: 1073741824
2023/07/09-13:29:41.107847 2f74                   Options.log_file_time_to_roll: 0
2023/07/09-13:29:41.107855 2f74                       Options.keep_log_file_num: 2
2023/07/09-13:29:41.107861 2f74                    Options.recycle_log_file_num: 0
2023/07/09-13:29:41.107868 2f74                         Options.allow_fallocate: 1
2023/07/09-13:29:41.107875 2f74                        Options.allow_mmap_reads: 0
2023/07/09-13:29:41.107881 2f74                       Options.allow_mmap_writes: 0
2023/07/09-13:29:41.107890 2f74                        Options.use_direct_reads: 0
2023/07/09-13:29:41.107897 2f74                        Options.use_direct_io_for_flush_and_compaction: 0
2023/07/09-13:29:41.107905 2f74          Options.create_missing_column_families: 0
2023/07/09-13:29:41.107914 2f74                              Options.db_log_dir: 
2023/07/09-13:29:41.107922 2f74                                 Options.wal_dir: 
2023/07/09-13:29:41.107931 2f74                Options.table_cache_numshardbits: 6
2023/07/09-13:29:41.107939 2f74                         Options.WAL_ttl_seconds: 0
2023/07/09-13:29:41.107947 2f74                       Options.WAL_size_limit_MB: 0
2023/07/09-13:29:41.107956 2f74                        Options.max_write_batch_group_size_bytes: 1048576
2023/07/09-13:29:41.107964 2f74             Options.manifest_preallocation_size: 4194304
2023/07/09-13:29:41.107972 2f74                     Options.is_fd_close_on_exec: 1
2023/07/09-13:29:41.107980 2f74                   Options.advise_random_on_open: 1
2023/07/09-13:29:41.107990 2f74                   Options.experimental_mempurge_threshold: 0.000000
2023/07/09-13:29:41.107998 2f74                    Options.db_write_buffer_size: 0
2023/07/09-13:29:41.108006 2f74                    Options.write_buffer_manager: 000002596F527990
2023/07/09-13:29:41.108014 2f74         Options.access_hint_on_compaction_start: 1
2023/07/09-13:29:41.108050 2f74           Options.random_access_max_buffer_size: 1048576
2023/07/09-13:29:41.108060 2f74                      Options.use_adaptive_mutex: 0
2023/07/09-13:29:41.108069 2f74                            Options.rate_limiter: 0000000000000000
2023/07/09-13:29:41.108077 2f74     Options.sst_file_manager.rate_bytes_per_sec: 0
2023/07/09-13:29:41.108085 2f74                       Options.wal_recovery_mode: 2
2023/07/09-13:29:41.108093 2f74                  Options.enable_thread_tracking: 0
2023/07/09-13:29:41.108102 2f74                  Options.enable_pipelined_write: 0
2023/07/09-13:29:41.108110 2f74                  Options.unordered_write: 0
2023/07/09-13:29:41.108118 2f74         Options.allow_concurrent_memtable_write: 1
2023/07/09-13:29:41.108126 2f74      Options.enable_write_thread_adaptive_yield: 1
2023/07/09-13:29:41.108135 2f74             Options.write_thread_max_yield_usec: 100
2023/07/09-13:29:41.108143 2f74            Options.write_thread_slow_yield_usec: 3
2023/07/09-13:29:41.108151 2f74                               Options.row_cache: None
2023/07/09-13:29:41.108160 2f74                              Options.wal_filter: None
2023/07/09-13:29:41.108168 2f74             Options.avoid_flush_during_recovery: 0
2023/07/09-13:29:41.108177 2f74             Options.allow_ingest_behind: 0
2023/07/09-13:29:41.108185 2f74             Options.two_write_queues: 0
2023/07/09-13:29:41.108193 2f74             Options.manual_wal_flush: 0
2023/07/09-13:29:41.108201 2f74             Options.wal_compression: 0
2023/07/09-13:29:41.108208 2f74             Options.atomic_flush: 0
2023/07/09-13:29:41.108214 2f74             Options.avoid_unnecessary_blocking_io: 0
2023/07/09-13:29:41.108221 2f74                 Options.persist_stats_to_disk: 0
2023/07/09-13:29:41.108229 2f74                 Options.write_dbid_to_manifest: 0
2023/07/09-13:29:41.108237 2f74                 Options.log_readahead_size: 0
2023/07/09-13:29:41.108245 2f74                 Options.file_checksum_gen_factory: Unknown
2023/07/09-13:29:41.108254 2f74                 Options.best_efforts_recovery: 0
2023/07/09-13:29:41.108262 2f74                Options.max_bgerror_resume_count: 2147483647
2023/07/09-13:29:41.108270 2f74            Options.bgerror_resume_retry_interval: 1000000
2023/07/09-13:29:41.108278 2f74             Options.allow_data_in_errors: 0
2023/07/09-13:29:41.108287 2f74             Options.db_host_id: __hostname__
2023/07/09-13:29:41.108296 2f74             Options.enforce_single_del_contracts: true
2023/07/09-13:29:41.108305 2f74             Options.max_background_jobs: 2
2023/07/09-13:29:41.108315 2f74             Options.max_background_compactions: -1
2023/07/09-13:29:41.108323 2f74             Options.max_subcompactions: 1
2023/07/09-13:29:41.108332 2f74             Options.avoid_flush_during_shutdown: 0
2023/07/09-13:29:41.108340 2f74           Options.writable_file_max_buffer_size: 1048576
2023/07/09-13:29:41.108348 2f74             Options.delayed_write_rate : 16777216
2023/07/09-13:29:41.108356 2f74             Options.max_total_wal_size: 0
2023/07/09-13:29:41.108365 2f74             Options.delete_obsolete_files_period_micros: 21600000000
2023/07/09-13:29:41.108373 2f74                   Options.stats_dump_period_sec: 0
2023/07/09-13:29:41.108382 2f74                 Options.stats_persist_period_sec: 0
2023/07/09-13:29:41.108390 2f74                 Options.stats_history_buffer_size: 65536
2023/07/09-13:29:41.108399 2f74                          Options.max_open_files: -1
2023/07/09-13:29:41.108407 2f74                          Options.bytes_per_sync: 0
2023/07/09-13:29:41.108416 2f74                      Options.wal_bytes_per_sync: 0
2023/07/09-13:29:41.108424 2f74                   Options.strict_bytes_per_sync: 0
2023/07/09-13:29:41.108432 2f74       Options.compaction_readahead_size: 0
2023/07/09-13:29:41.108440 2f74                  Options.max_background_flushes: -1
2023/07/09-13:29:41.108448 2f74 Compression algorithms supported:
2023/07/09-13:29:41.108457 2f74 	kZSTD supported: 1
2023/07/09-13:29:41.108484 2f74 	kSnappyCompression supported: 1
2023/07/09-13:29:41.108494 2f74 	kBZip2Compression supported: 0
2023/07/09-13:29:41.108502 2f74 	kZlibCompression supported: 1
2023/07/09-13:29:41.108510 2f74 	kLZ4Compression supported: 1
2023/07/09-13:29:41.108518 2f74 	kXpressCompression supported: 0
2023/07/09-13:29:41.108526 2f74 	kLZ4HCCompression supported: 1
2023/07/09-13:29:41.108534 2f74 	kZSTDNotFinalCompression supported: 1
2023/07/09-13:29:41.108543 2f74 Fast CRC32 supported: Not supported on x86
2023/07/09-13:29:41.108550 2f74 DMutex implementation: std::mutex
2023/07/09-13:29:41.135676 2f74 [WARN] [db\db_impl\db_impl_open.cc:2055] DB::Open() failed: Corruption: CURRENT file corrupted
2023/07/09-13:29:41.135707 2f74 [db\db_impl\db_impl.cc:480] Shutdown: canceling all background work
2023/07/09-13:29:41.135800 2f74 [db\db_impl\db_impl.cc:710] Shutdown complete
