2023/07/09-13:29:41.027831 2df0 RocksDB version: 7.4.5
2023/07/09-13:29:41.027914 2df0 Git sha e072c129d57a0883370034cecf6774c745c40f76
2023/07/09-13:29:41.027938 2df0 Compile date 2022-08-15 17:16:22
2023/07/09-13:29:41.027955 2df0 DB SUMMARY
2023/07/09-13:29:41.027970 2df0 DB Session ID:  B39RAD6MD26O8CZNPG80
2023/07/09-13:29:41.045894 2df0 CURRENT file:  CURRENT
2023/07/09-13:29:41.045924 2df0 IDENTITY file:  IDENTITY
2023/07/09-13:29:41.046005 2df0 MANIFEST file:  MANIFEST-000050 size: 170 Bytes
2023/07/09-13:29:41.046026 2df0 SST files in C:\Users\sschneider\Github\siteSync\sparkplug\hivemq-ce-2023.3\hivemq-ce-2023.3\data\persistence\publish_payload_store\040500_R\publish_payload_store_58 dir, Total Num: 1, files: 000048.sst 
2023/07/09-13:29:41.046043 2df0 Write Ahead Log file in C:\Users\sschneider\Github\siteSync\sparkplug\hivemq-ce-2023.3\hivemq-ce-2023.3\data\persistence\publish_payload_store\040500_R\publish_payload_store_58: 000049.log size: 7677 ; 
2023/07/09-13:29:41.046139 2df0                         Options.error_if_exists: 0
2023/07/09-13:29:41.046153 2df0                       Options.create_if_missing: 1
2023/07/09-13:29:41.046163 2df0                         Options.paranoid_checks: 1
2023/07/09-13:29:41.046172 2df0             Options.flush_verify_memtable_count: 1
2023/07/09-13:29:41.046180 2df0                               Options.track_and_verify_wals_in_manifest: 0
2023/07/09-13:29:41.046188 2df0        Options.verify_sst_unique_id_in_manifest: 0
2023/07/09-13:29:41.046197 2df0                                     Options.env: 000002596DCCE060
2023/07/09-13:29:41.046206 2df0                                      Options.fs: WinFS
2023/07/09-13:29:41.046215 2df0                                Options.info_log: 000002596F7FBF30
2023/07/09-13:29:41.046222 2df0                Options.max_file_opening_threads: 16
2023/07/09-13:29:41.046231 2df0                              Options.statistics: 000002596D61CAE0
2023/07/09-13:29:41.046240 2df0                               Options.use_fsync: 0
2023/07/09-13:29:41.046249 2df0                       Options.max_log_file_size: 512000
2023/07/09-13:29:41.046257 2df0                  Options.max_manifest_file_size: 1073741824
2023/07/09-13:29:41.046265 2df0                   Options.log_file_time_to_roll: 0
2023/07/09-13:29:41.046273 2df0                       Options.keep_log_file_num: 2
2023/07/09-13:29:41.046281 2df0                    Options.recycle_log_file_num: 0
2023/07/09-13:29:41.046290 2df0                         Options.allow_fallocate: 1
2023/07/09-13:29:41.046297 2df0                        Options.allow_mmap_reads: 0
2023/07/09-13:29:41.046306 2df0                       Options.allow_mmap_writes: 0
2023/07/09-13:29:41.046316 2df0                        Options.use_direct_reads: 0
2023/07/09-13:29:41.046324 2df0                        Options.use_direct_io_for_flush_and_compaction: 0
2023/07/09-13:29:41.046332 2df0          Options.create_missing_column_families: 0
2023/07/09-13:29:41.046341 2df0                              Options.db_log_dir: 
2023/07/09-13:29:41.046349 2df0                                 Options.wal_dir: 
2023/07/09-13:29:41.046356 2df0                Options.table_cache_numshardbits: 6
2023/07/09-13:29:41.046364 2df0                         Options.WAL_ttl_seconds: 0
2023/07/09-13:29:41.046371 2df0                       Options.WAL_size_limit_MB: 0
2023/07/09-13:29:41.046378 2df0                        Options.max_write_batch_group_size_bytes: 1048576
2023/07/09-13:29:41.046387 2df0             Options.manifest_preallocation_size: 4194304
2023/07/09-13:29:41.046395 2df0                     Options.is_fd_close_on_exec: 1
2023/07/09-13:29:41.046402 2df0                   Options.advise_random_on_open: 1
2023/07/09-13:29:41.046411 2df0                   Options.experimental_mempurge_threshold: 0.000000
2023/07/09-13:29:41.046419 2df0                    Options.db_write_buffer_size: 0
2023/07/09-13:29:41.046428 2df0                    Options.write_buffer_manager: 000002596F4ECC80
2023/07/09-13:29:41.046436 2df0         Options.access_hint_on_compaction_start: 1
2023/07/09-13:29:41.046464 2df0           Options.random_access_max_buffer_size: 1048576
2023/07/09-13:29:41.046473 2df0                      Options.use_adaptive_mutex: 0
2023/07/09-13:29:41.046480 2df0                            Options.rate_limiter: 0000000000000000
2023/07/09-13:29:41.046487 2df0     Options.sst_file_manager.rate_bytes_per_sec: 0
2023/07/09-13:29:41.046494 2df0                       Options.wal_recovery_mode: 2
2023/07/09-13:29:41.046500 2df0                  Options.enable_thread_tracking: 0
2023/07/09-13:29:41.046507 2df0                  Options.enable_pipelined_write: 0
2023/07/09-13:29:41.046514 2df0                  Options.unordered_write: 0
2023/07/09-13:29:41.046520 2df0         Options.allow_concurrent_memtable_write: 1
2023/07/09-13:29:41.046527 2df0      Options.enable_write_thread_adaptive_yield: 1
2023/07/09-13:29:41.046534 2df0             Options.write_thread_max_yield_usec: 100
2023/07/09-13:29:41.046540 2df0            Options.write_thread_slow_yield_usec: 3
2023/07/09-13:29:41.046547 2df0                               Options.row_cache: None
2023/07/09-13:29:41.046554 2df0                              Options.wal_filter: None
2023/07/09-13:29:41.046562 2df0             Options.avoid_flush_during_recovery: 0
2023/07/09-13:29:41.046570 2df0             Options.allow_ingest_behind: 0
2023/07/09-13:29:41.046578 2df0             Options.two_write_queues: 0
2023/07/09-13:29:41.046584 2df0             Options.manual_wal_flush: 0
2023/07/09-13:29:41.046591 2df0             Options.wal_compression: 0
2023/07/09-13:29:41.046598 2df0             Options.atomic_flush: 0
2023/07/09-13:29:41.046605 2df0             Options.avoid_unnecessary_blocking_io: 0
2023/07/09-13:29:41.046612 2df0                 Options.persist_stats_to_disk: 0
2023/07/09-13:29:41.046619 2df0                 Options.write_dbid_to_manifest: 0
2023/07/09-13:29:41.046626 2df0                 Options.log_readahead_size: 0
2023/07/09-13:29:41.046632 2df0                 Options.file_checksum_gen_factory: Unknown
2023/07/09-13:29:41.046641 2df0                 Options.best_efforts_recovery: 0
2023/07/09-13:29:41.046648 2df0                Options.max_bgerror_resume_count: 2147483647
2023/07/09-13:29:41.046655 2df0            Options.bgerror_resume_retry_interval: 1000000
2023/07/09-13:29:41.046661 2df0             Options.allow_data_in_errors: 0
2023/07/09-13:29:41.046668 2df0             Options.db_host_id: __hostname__
2023/07/09-13:29:41.046675 2df0             Options.enforce_single_del_contracts: true
2023/07/09-13:29:41.046681 2df0             Options.max_background_jobs: 2
2023/07/09-13:29:41.046688 2df0             Options.max_background_compactions: -1
2023/07/09-13:29:41.046695 2df0             Options.max_subcompactions: 1
2023/07/09-13:29:41.046701 2df0             Options.avoid_flush_during_shutdown: 0
2023/07/09-13:29:41.046709 2df0           Options.writable_file_max_buffer_size: 1048576
2023/07/09-13:29:41.046716 2df0             Options.delayed_write_rate : 16777216
2023/07/09-13:29:41.046723 2df0             Options.max_total_wal_size: 0
2023/07/09-13:29:41.046731 2df0             Options.delete_obsolete_files_period_micros: 21600000000
2023/07/09-13:29:41.046739 2df0                   Options.stats_dump_period_sec: 0
2023/07/09-13:29:41.046746 2df0                 Options.stats_persist_period_sec: 0
2023/07/09-13:29:41.046753 2df0                 Options.stats_history_buffer_size: 65536
2023/07/09-13:29:41.046760 2df0                          Options.max_open_files: -1
2023/07/09-13:29:41.046767 2df0                          Options.bytes_per_sync: 0
2023/07/09-13:29:41.046774 2df0                      Options.wal_bytes_per_sync: 0
2023/07/09-13:29:41.046781 2df0                   Options.strict_bytes_per_sync: 0
2023/07/09-13:29:41.046788 2df0       Options.compaction_readahead_size: 0
2023/07/09-13:29:41.046795 2df0                  Options.max_background_flushes: -1
2023/07/09-13:29:41.046802 2df0 Compression algorithms supported:
2023/07/09-13:29:41.046810 2df0 	kZSTD supported: 1
2023/07/09-13:29:41.046835 2df0 	kSnappyCompression supported: 1
2023/07/09-13:29:41.046842 2df0 	kBZip2Compression supported: 0
2023/07/09-13:29:41.046849 2df0 	kZlibCompression supported: 1
2023/07/09-13:29:41.046855 2df0 	kLZ4Compression supported: 1
2023/07/09-13:29:41.046862 2df0 	kXpressCompression supported: 0
2023/07/09-13:29:41.046869 2df0 	kLZ4HCCompression supported: 1
2023/07/09-13:29:41.046875 2df0 	kZSTDNotFinalCompression supported: 1
2023/07/09-13:29:41.046883 2df0 Fast CRC32 supported: Not supported on x86
2023/07/09-13:29:41.046890 2df0 DMutex implementation: std::mutex
2023/07/09-13:29:41.082885 2df0 [WARN] [db\db_impl\db_impl_open.cc:2055] DB::Open() failed: Corruption: CURRENT file corrupted
2023/07/09-13:29:41.082900 2df0 [db\db_impl\db_impl.cc:480] Shutdown: canceling all background work
2023/07/09-13:29:41.082956 2df0 [db\db_impl\db_impl.cc:710] Shutdown complete
