2023/07/09-13:29:40.966801 566c RocksDB version: 7.4.5
2023/07/09-13:29:40.966894 566c Git sha e072c129d57a0883370034cecf6774c745c40f76
2023/07/09-13:29:40.966921 566c Compile date 2022-08-15 17:16:22
2023/07/09-13:29:40.966938 566c DB SUMMARY
2023/07/09-13:29:40.966954 566c DB Session ID:  B39RAD6MD26O8CZNPG7N
2023/07/09-13:29:40.996912 566c CURRENT file:  CURRENT
2023/07/09-13:29:40.996945 566c IDENTITY file:  IDENTITY
2023/07/09-13:29:40.998615 566c MANIFEST file:  MANIFEST-000050 size: 170 Bytes
2023/07/09-13:29:40.998648 566c SST files in C:\Users\sschneider\Github\siteSync\sparkplug\hivemq-ce-2023.3\hivemq-ce-2023.3\data\persistence\publish_payload_store\040500_R\publish_payload_store_22 dir, Total Num: 1, files: 000048.sst 
2023/07/09-13:29:40.998665 566c Write Ahead Log file in C:\Users\sschneider\Github\siteSync\sparkplug\hivemq-ce-2023.3\hivemq-ce-2023.3\data\persistence\publish_payload_store\040500_R\publish_payload_store_22: 000049.log size: 271 ; 
2023/07/09-13:29:40.998782 566c                         Options.error_if_exists: 0
2023/07/09-13:29:40.998793 566c                       Options.create_if_missing: 1
2023/07/09-13:29:40.998802 566c                         Options.paranoid_checks: 1
2023/07/09-13:29:40.998811 566c             Options.flush_verify_memtable_count: 1
2023/07/09-13:29:40.998821 566c                               Options.track_and_verify_wals_in_manifest: 0
2023/07/09-13:29:40.998829 566c        Options.verify_sst_unique_id_in_manifest: 0
2023/07/09-13:29:40.998837 566c                                     Options.env: 000002596DCCE060
2023/07/09-13:29:40.998844 566c                                      Options.fs: WinFS
2023/07/09-13:29:40.998851 566c                                Options.info_log: 000002596E19E8B0
2023/07/09-13:29:40.998858 566c                Options.max_file_opening_threads: 16
2023/07/09-13:29:40.998866 566c                              Options.statistics: 000002596D61CAE0
2023/07/09-13:29:40.998873 566c                               Options.use_fsync: 0
2023/07/09-13:29:40.998882 566c                       Options.max_log_file_size: 512000
2023/07/09-13:29:40.998891 566c                  Options.max_manifest_file_size: 1073741824
2023/07/09-13:29:40.998899 566c                   Options.log_file_time_to_roll: 0
2023/07/09-13:29:40.998908 566c                       Options.keep_log_file_num: 2
2023/07/09-13:29:40.998916 566c                    Options.recycle_log_file_num: 0
2023/07/09-13:29:40.998925 566c                         Options.allow_fallocate: 1
2023/07/09-13:29:40.998932 566c                        Options.allow_mmap_reads: 0
2023/07/09-13:29:40.998940 566c                       Options.allow_mmap_writes: 0
2023/07/09-13:29:40.998947 566c                        Options.use_direct_reads: 0
2023/07/09-13:29:40.998955 566c                        Options.use_direct_io_for_flush_and_compaction: 0
2023/07/09-13:29:40.998963 566c          Options.create_missing_column_families: 0
2023/07/09-13:29:40.998970 566c                              Options.db_log_dir: 
2023/07/09-13:29:40.998978 566c                                 Options.wal_dir: 
2023/07/09-13:29:40.998986 566c                Options.table_cache_numshardbits: 6
2023/07/09-13:29:40.998994 566c                         Options.WAL_ttl_seconds: 0
2023/07/09-13:29:40.999002 566c                       Options.WAL_size_limit_MB: 0
2023/07/09-13:29:40.999010 566c                        Options.max_write_batch_group_size_bytes: 1048576
2023/07/09-13:29:40.999018 566c             Options.manifest_preallocation_size: 4194304
2023/07/09-13:29:40.999027 566c                     Options.is_fd_close_on_exec: 1
2023/07/09-13:29:40.999034 566c                   Options.advise_random_on_open: 1
2023/07/09-13:29:40.999044 566c                   Options.experimental_mempurge_threshold: 0.000000
2023/07/09-13:29:40.999054 566c                    Options.db_write_buffer_size: 0
2023/07/09-13:29:40.999063 566c                    Options.write_buffer_manager: 000002596F4EC7D0
2023/07/09-13:29:40.999071 566c         Options.access_hint_on_compaction_start: 1
2023/07/09-13:29:40.999101 566c           Options.random_access_max_buffer_size: 1048576
2023/07/09-13:29:40.999113 566c                      Options.use_adaptive_mutex: 0
2023/07/09-13:29:40.999121 566c                            Options.rate_limiter: 0000000000000000
2023/07/09-13:29:40.999130 566c     Options.sst_file_manager.rate_bytes_per_sec: 0
2023/07/09-13:29:40.999138 566c                       Options.wal_recovery_mode: 2
2023/07/09-13:29:40.999145 566c                  Options.enable_thread_tracking: 0
2023/07/09-13:29:40.999153 566c                  Options.enable_pipelined_write: 0
2023/07/09-13:29:40.999161 566c                  Options.unordered_write: 0
2023/07/09-13:29:40.999168 566c         Options.allow_concurrent_memtable_write: 1
2023/07/09-13:29:40.999179 566c      Options.enable_write_thread_adaptive_yield: 1
2023/07/09-13:29:40.999190 566c             Options.write_thread_max_yield_usec: 100
2023/07/09-13:29:40.999201 566c            Options.write_thread_slow_yield_usec: 3
2023/07/09-13:29:40.999211 566c                               Options.row_cache: None
2023/07/09-13:29:40.999221 566c                              Options.wal_filter: None
2023/07/09-13:29:40.999229 566c             Options.avoid_flush_during_recovery: 0
2023/07/09-13:29:40.999238 566c             Options.allow_ingest_behind: 0
2023/07/09-13:29:40.999246 566c             Options.two_write_queues: 0
2023/07/09-13:29:40.999255 566c             Options.manual_wal_flush: 0
2023/07/09-13:29:40.999263 566c             Options.wal_compression: 0
2023/07/09-13:29:40.999272 566c             Options.atomic_flush: 0
2023/07/09-13:29:40.999279 566c             Options.avoid_unnecessary_blocking_io: 0
2023/07/09-13:29:40.999288 566c                 Options.persist_stats_to_disk: 0
2023/07/09-13:29:40.999297 566c                 Options.write_dbid_to_manifest: 0
2023/07/09-13:29:40.999306 566c                 Options.log_readahead_size: 0
2023/07/09-13:29:40.999314 566c                 Options.file_checksum_gen_factory: Unknown
2023/07/09-13:29:40.999322 566c                 Options.best_efforts_recovery: 0
2023/07/09-13:29:40.999330 566c                Options.max_bgerror_resume_count: 2147483647
2023/07/09-13:29:40.999340 566c            Options.bgerror_resume_retry_interval: 1000000
2023/07/09-13:29:40.999349 566c             Options.allow_data_in_errors: 0
2023/07/09-13:29:40.999356 566c             Options.db_host_id: __hostname__
2023/07/09-13:29:40.999364 566c             Options.enforce_single_del_contracts: true
2023/07/09-13:29:40.999372 566c             Options.max_background_jobs: 2
2023/07/09-13:29:40.999380 566c             Options.max_background_compactions: -1
2023/07/09-13:29:40.999387 566c             Options.max_subcompactions: 1
2023/07/09-13:29:40.999395 566c             Options.avoid_flush_during_shutdown: 0
2023/07/09-13:29:40.999404 566c           Options.writable_file_max_buffer_size: 1048576
2023/07/09-13:29:40.999415 566c             Options.delayed_write_rate : 16777216
2023/07/09-13:29:40.999424 566c             Options.max_total_wal_size: 0
2023/07/09-13:29:40.999434 566c             Options.delete_obsolete_files_period_micros: 21600000000
2023/07/09-13:29:40.999445 566c                   Options.stats_dump_period_sec: 0
2023/07/09-13:29:40.999454 566c                 Options.stats_persist_period_sec: 0
2023/07/09-13:29:40.999463 566c                 Options.stats_history_buffer_size: 65536
2023/07/09-13:29:40.999473 566c                          Options.max_open_files: -1
2023/07/09-13:29:40.999483 566c                          Options.bytes_per_sync: 0
2023/07/09-13:29:40.999491 566c                      Options.wal_bytes_per_sync: 0
2023/07/09-13:29:40.999499 566c                   Options.strict_bytes_per_sync: 0
2023/07/09-13:29:40.999507 566c       Options.compaction_readahead_size: 0
2023/07/09-13:29:40.999514 566c                  Options.max_background_flushes: -1
2023/07/09-13:29:40.999521 566c Compression algorithms supported:
2023/07/09-13:29:40.999529 566c 	kZSTD supported: 1
2023/07/09-13:29:40.999623 566c 	kSnappyCompression supported: 1
2023/07/09-13:29:40.999669 566c 	kBZip2Compression supported: 0
2023/07/09-13:29:40.999683 566c 	kZlibCompression supported: 1
2023/07/09-13:29:40.999692 566c 	kLZ4Compression supported: 1
2023/07/09-13:29:40.999699 566c 	kXpressCompression supported: 0
2023/07/09-13:29:40.999706 566c 	kLZ4HCCompression supported: 1
2023/07/09-13:29:40.999714 566c 	kZSTDNotFinalCompression supported: 1
2023/07/09-13:29:40.999723 566c Fast CRC32 supported: Not supported on x86
2023/07/09-13:29:40.999731 566c DMutex implementation: std::mutex
2023/07/09-13:29:41.026804 566c [WARN] [db\db_impl\db_impl_open.cc:2055] DB::Open() failed: Corruption: CURRENT file corrupted
2023/07/09-13:29:41.026830 566c [db\db_impl\db_impl.cc:480] Shutdown: canceling all background work
2023/07/09-13:29:41.026918 566c [db\db_impl\db_impl.cc:710] Shutdown complete
