2023/07/09-13:29:41.036672 3cb8 RocksDB version: 7.4.5
2023/07/09-13:29:41.036739 3cb8 Git sha e072c129d57a0883370034cecf6774c745c40f76
2023/07/09-13:29:41.036762 3cb8 Compile date 2022-08-15 17:16:22
2023/07/09-13:29:41.036780 3cb8 DB SUMMARY
2023/07/09-13:29:41.036797 3cb8 DB Session ID:  B39RAD6MD26O8CZNPG8V
2023/07/09-13:29:41.089344 3cb8 CURRENT file:  CURRENT
2023/07/09-13:29:41.089406 3cb8 IDENTITY file:  IDENTITY
2023/07/09-13:29:41.096505 3cb8 MANIFEST file:  MANIFEST-000051 size: 263 Bytes
2023/07/09-13:29:41.096542 3cb8 SST files in C:\Users\sschneider\Github\siteSync\sparkplug\hivemq-ce-2023.3\hivemq-ce-2023.3\data\persistence\publish_payload_store\040500_R\publish_payload_store_51 dir, Total Num: 2, files: 000028.sst 000049.sst 
2023/07/09-13:29:41.096662 3cb8 Write Ahead Log file in C:\Users\sschneider\Github\siteSync\sparkplug\hivemq-ce-2023.3\hivemq-ce-2023.3\data\persistence\publish_payload_store\040500_R\publish_payload_store_51: 000050.log size: 638 ; 
2023/07/09-13:29:41.096680 3cb8                         Options.error_if_exists: 0
2023/07/09-13:29:41.096689 3cb8                       Options.create_if_missing: 1
2023/07/09-13:29:41.096696 3cb8                         Options.paranoid_checks: 1
2023/07/09-13:29:41.096704 3cb8             Options.flush_verify_memtable_count: 1
2023/07/09-13:29:41.096710 3cb8                               Options.track_and_verify_wals_in_manifest: 0
2023/07/09-13:29:41.096717 3cb8        Options.verify_sst_unique_id_in_manifest: 0
2023/07/09-13:29:41.096724 3cb8                                     Options.env: 000002596DCCE060
2023/07/09-13:29:41.096731 3cb8                                      Options.fs: WinFS
2023/07/09-13:29:41.096738 3cb8                                Options.info_log: 000002596F7FB2B0
2023/07/09-13:29:41.096746 3cb8                Options.max_file_opening_threads: 16
2023/07/09-13:29:41.096753 3cb8                              Options.statistics: 000002596D61CAE0
2023/07/09-13:29:41.096761 3cb8                               Options.use_fsync: 0
2023/07/09-13:29:41.096769 3cb8                       Options.max_log_file_size: 512000
2023/07/09-13:29:41.096776 3cb8                  Options.max_manifest_file_size: 1073741824
2023/07/09-13:29:41.096783 3cb8                   Options.log_file_time_to_roll: 0
2023/07/09-13:29:41.096791 3cb8                       Options.keep_log_file_num: 2
2023/07/09-13:29:41.096797 3cb8                    Options.recycle_log_file_num: 0
2023/07/09-13:29:41.096804 3cb8                         Options.allow_fallocate: 1
2023/07/09-13:29:41.096811 3cb8                        Options.allow_mmap_reads: 0
2023/07/09-13:29:41.096818 3cb8                       Options.allow_mmap_writes: 0
2023/07/09-13:29:41.096824 3cb8                        Options.use_direct_reads: 0
2023/07/09-13:29:41.096831 3cb8                        Options.use_direct_io_for_flush_and_compaction: 0
2023/07/09-13:29:41.096838 3cb8          Options.create_missing_column_families: 0
2023/07/09-13:29:41.096845 3cb8                              Options.db_log_dir: 
2023/07/09-13:29:41.096853 3cb8                                 Options.wal_dir: 
2023/07/09-13:29:41.096862 3cb8                Options.table_cache_numshardbits: 6
2023/07/09-13:29:41.096870 3cb8                         Options.WAL_ttl_seconds: 0
2023/07/09-13:29:41.096878 3cb8                       Options.WAL_size_limit_MB: 0
2023/07/09-13:29:41.096885 3cb8                        Options.max_write_batch_group_size_bytes: 1048576
2023/07/09-13:29:41.096893 3cb8             Options.manifest_preallocation_size: 4194304
2023/07/09-13:29:41.096901 3cb8                     Options.is_fd_close_on_exec: 1
2023/07/09-13:29:41.096908 3cb8                   Options.advise_random_on_open: 1
2023/07/09-13:29:41.096918 3cb8                   Options.experimental_mempurge_threshold: 0.000000
2023/07/09-13:29:41.096927 3cb8                    Options.db_write_buffer_size: 0
2023/07/09-13:29:41.096935 3cb8                    Options.write_buffer_manager: 000002596F4ED400
2023/07/09-13:29:41.096942 3cb8         Options.access_hint_on_compaction_start: 1
2023/07/09-13:29:41.096977 3cb8           Options.random_access_max_buffer_size: 1048576
2023/07/09-13:29:41.096987 3cb8                      Options.use_adaptive_mutex: 0
2023/07/09-13:29:41.096994 3cb8                            Options.rate_limiter: 0000000000000000
2023/07/09-13:29:41.097003 3cb8     Options.sst_file_manager.rate_bytes_per_sec: 0
2023/07/09-13:29:41.097011 3cb8                       Options.wal_recovery_mode: 2
2023/07/09-13:29:41.097019 3cb8                  Options.enable_thread_tracking: 0
2023/07/09-13:29:41.097027 3cb8                  Options.enable_pipelined_write: 0
2023/07/09-13:29:41.097034 3cb8                  Options.unordered_write: 0
2023/07/09-13:29:41.097042 3cb8         Options.allow_concurrent_memtable_write: 1
2023/07/09-13:29:41.097049 3cb8      Options.enable_write_thread_adaptive_yield: 1
2023/07/09-13:29:41.097059 3cb8             Options.write_thread_max_yield_usec: 100
2023/07/09-13:29:41.097067 3cb8            Options.write_thread_slow_yield_usec: 3
2023/07/09-13:29:41.097075 3cb8                               Options.row_cache: None
2023/07/09-13:29:41.097082 3cb8                              Options.wal_filter: None
2023/07/09-13:29:41.097090 3cb8             Options.avoid_flush_during_recovery: 0
2023/07/09-13:29:41.097097 3cb8             Options.allow_ingest_behind: 0
2023/07/09-13:29:41.097105 3cb8             Options.two_write_queues: 0
2023/07/09-13:29:41.097113 3cb8             Options.manual_wal_flush: 0
2023/07/09-13:29:41.097121 3cb8             Options.wal_compression: 0
2023/07/09-13:29:41.097128 3cb8             Options.atomic_flush: 0
2023/07/09-13:29:41.097137 3cb8             Options.avoid_unnecessary_blocking_io: 0
2023/07/09-13:29:41.097144 3cb8                 Options.persist_stats_to_disk: 0
2023/07/09-13:29:41.097151 3cb8                 Options.write_dbid_to_manifest: 0
2023/07/09-13:29:41.097157 3cb8                 Options.log_readahead_size: 0
2023/07/09-13:29:41.097165 3cb8                 Options.file_checksum_gen_factory: Unknown
2023/07/09-13:29:41.097172 3cb8                 Options.best_efforts_recovery: 0
2023/07/09-13:29:41.097180 3cb8                Options.max_bgerror_resume_count: 2147483647
2023/07/09-13:29:41.097187 3cb8            Options.bgerror_resume_retry_interval: 1000000
2023/07/09-13:29:41.097193 3cb8             Options.allow_data_in_errors: 0
2023/07/09-13:29:41.097202 3cb8             Options.db_host_id: __hostname__
2023/07/09-13:29:41.097209 3cb8             Options.enforce_single_del_contracts: true
2023/07/09-13:29:41.097215 3cb8             Options.max_background_jobs: 2
2023/07/09-13:29:41.097222 3cb8             Options.max_background_compactions: -1
2023/07/09-13:29:41.097231 3cb8             Options.max_subcompactions: 1
2023/07/09-13:29:41.097238 3cb8             Options.avoid_flush_during_shutdown: 0
2023/07/09-13:29:41.097246 3cb8           Options.writable_file_max_buffer_size: 1048576
2023/07/09-13:29:41.097259 3cb8             Options.delayed_write_rate : 16777216
2023/07/09-13:29:41.097268 3cb8             Options.max_total_wal_size: 0
2023/07/09-13:29:41.097275 3cb8             Options.delete_obsolete_files_period_micros: 21600000000
2023/07/09-13:29:41.097283 3cb8                   Options.stats_dump_period_sec: 0
2023/07/09-13:29:41.097291 3cb8                 Options.stats_persist_period_sec: 0
2023/07/09-13:29:41.097299 3cb8                 Options.stats_history_buffer_size: 65536
2023/07/09-13:29:41.097307 3cb8                          Options.max_open_files: -1
2023/07/09-13:29:41.097313 3cb8                          Options.bytes_per_sync: 0
2023/07/09-13:29:41.097321 3cb8                      Options.wal_bytes_per_sync: 0
2023/07/09-13:29:41.097328 3cb8                   Options.strict_bytes_per_sync: 0
2023/07/09-13:29:41.097334 3cb8       Options.compaction_readahead_size: 0
2023/07/09-13:29:41.097341 3cb8                  Options.max_background_flushes: -1
2023/07/09-13:29:41.097347 3cb8 Compression algorithms supported:
2023/07/09-13:29:41.097355 3cb8 	kZSTD supported: 1
2023/07/09-13:29:41.097390 3cb8 	kSnappyCompression supported: 1
2023/07/09-13:29:41.097399 3cb8 	kBZip2Compression supported: 0
2023/07/09-13:29:41.097407 3cb8 	kZlibCompression supported: 1
2023/07/09-13:29:41.097414 3cb8 	kLZ4Compression supported: 1
2023/07/09-13:29:41.097421 3cb8 	kXpressCompression supported: 0
2023/07/09-13:29:41.097428 3cb8 	kLZ4HCCompression supported: 1
2023/07/09-13:29:41.097438 3cb8 	kZSTDNotFinalCompression supported: 1
2023/07/09-13:29:41.097447 3cb8 Fast CRC32 supported: Not supported on x86
2023/07/09-13:29:41.097454 3cb8 DMutex implementation: std::mutex
2023/07/09-13:29:41.136031 3cb8 [WARN] [db\db_impl\db_impl_open.cc:2055] DB::Open() failed: Corruption: CURRENT file corrupted
2023/07/09-13:29:41.136067 3cb8 [db\db_impl\db_impl.cc:480] Shutdown: canceling all background work
2023/07/09-13:29:41.136600 3cb8 [db\db_impl\db_impl.cc:710] Shutdown complete
