2023/07/09-13:29:41.037942 2b04 RocksDB version: 7.4.5
2023/07/09-13:29:41.038011 2b04 Git sha e072c129d57a0883370034cecf6774c745c40f76
2023/07/09-13:29:41.038032 2b04 Compile date 2022-08-15 17:16:22
2023/07/09-13:29:41.038047 2b04 DB SUMMARY
2023/07/09-13:29:41.038063 2b04 DB Session ID:  B39RAD6MD26O8CZNPG8T
2023/07/09-13:29:41.093132 2b04 CURRENT file:  CURRENT
2023/07/09-13:29:41.093164 2b04 IDENTITY file:  IDENTITY
2023/07/09-13:29:41.093267 2b04 MANIFEST file:  MANIFEST-000050 size: 170 Bytes
2023/07/09-13:29:41.093287 2b04 SST files in C:\Users\sschneider\Github\siteSync\sparkplug\hivemq-ce-2023.3\hivemq-ce-2023.3\data\persistence\publish_payload_store\040500_R\publish_payload_store_34 dir, Total Num: 1, files: 000048.sst 
2023/07/09-13:29:41.093302 2b04 Write Ahead Log file in C:\Users\sschneider\Github\siteSync\sparkplug\hivemq-ce-2023.3\hivemq-ce-2023.3\data\persistence\publish_payload_store\040500_R\publish_payload_store_34: 000049.log size: 3305 ; 
2023/07/09-13:29:41.093438 2b04                         Options.error_if_exists: 0
2023/07/09-13:29:41.093467 2b04                       Options.create_if_missing: 1
2023/07/09-13:29:41.093485 2b04                         Options.paranoid_checks: 1
2023/07/09-13:29:41.093505 2b04             Options.flush_verify_memtable_count: 1
2023/07/09-13:29:41.093522 2b04                               Options.track_and_verify_wals_in_manifest: 0
2023/07/09-13:29:41.093539 2b04        Options.verify_sst_unique_id_in_manifest: 0
2023/07/09-13:29:41.093556 2b04                                     Options.env: 000002596DCCE060
2023/07/09-13:29:41.093572 2b04                                      Options.fs: WinFS
2023/07/09-13:29:41.093588 2b04                                Options.info_log: 000002596F7FDFB0
2023/07/09-13:29:41.093604 2b04                Options.max_file_opening_threads: 16
2023/07/09-13:29:41.093621 2b04                              Options.statistics: 000002596D61CAE0
2023/07/09-13:29:41.093637 2b04                               Options.use_fsync: 0
2023/07/09-13:29:41.093656 2b04                       Options.max_log_file_size: 512000
2023/07/09-13:29:41.093672 2b04                  Options.max_manifest_file_size: 1073741824
2023/07/09-13:29:41.093697 2b04                   Options.log_file_time_to_roll: 0
2023/07/09-13:29:41.093714 2b04                       Options.keep_log_file_num: 2
2023/07/09-13:29:41.093733 2b04                    Options.recycle_log_file_num: 0
2023/07/09-13:29:41.093750 2b04                         Options.allow_fallocate: 1
2023/07/09-13:29:41.093765 2b04                        Options.allow_mmap_reads: 0
2023/07/09-13:29:41.093781 2b04                       Options.allow_mmap_writes: 0
2023/07/09-13:29:41.093798 2b04                        Options.use_direct_reads: 0
2023/07/09-13:29:41.093814 2b04                        Options.use_direct_io_for_flush_and_compaction: 0
2023/07/09-13:29:41.093830 2b04          Options.create_missing_column_families: 0
2023/07/09-13:29:41.093847 2b04                              Options.db_log_dir: 
2023/07/09-13:29:41.093862 2b04                                 Options.wal_dir: 
2023/07/09-13:29:41.093877 2b04                Options.table_cache_numshardbits: 6
2023/07/09-13:29:41.093892 2b04                         Options.WAL_ttl_seconds: 0
2023/07/09-13:29:41.093906 2b04                       Options.WAL_size_limit_MB: 0
2023/07/09-13:29:41.093922 2b04                        Options.max_write_batch_group_size_bytes: 1048576
2023/07/09-13:29:41.093938 2b04             Options.manifest_preallocation_size: 4194304
2023/07/09-13:29:41.093953 2b04                     Options.is_fd_close_on_exec: 1
2023/07/09-13:29:41.093967 2b04                   Options.advise_random_on_open: 1
2023/07/09-13:29:41.093984 2b04                   Options.experimental_mempurge_threshold: 0.000000
2023/07/09-13:29:41.093999 2b04                    Options.db_write_buffer_size: 0
2023/07/09-13:29:41.094020 2b04                    Options.write_buffer_manager: 000002596F1E6590
2023/07/09-13:29:41.094040 2b04         Options.access_hint_on_compaction_start: 1
2023/07/09-13:29:41.094097 2b04           Options.random_access_max_buffer_size: 1048576
2023/07/09-13:29:41.094117 2b04                      Options.use_adaptive_mutex: 0
2023/07/09-13:29:41.094133 2b04                            Options.rate_limiter: 0000000000000000
2023/07/09-13:29:41.094149 2b04     Options.sst_file_manager.rate_bytes_per_sec: 0
2023/07/09-13:29:41.094191 2b04                       Options.wal_recovery_mode: 2
2023/07/09-13:29:41.094203 2b04                  Options.enable_thread_tracking: 0
2023/07/09-13:29:41.094211 2b04                  Options.enable_pipelined_write: 0
2023/07/09-13:29:41.094217 2b04                  Options.unordered_write: 0
2023/07/09-13:29:41.094224 2b04         Options.allow_concurrent_memtable_write: 1
2023/07/09-13:29:41.094231 2b04      Options.enable_write_thread_adaptive_yield: 1
2023/07/09-13:29:41.094239 2b04             Options.write_thread_max_yield_usec: 100
2023/07/09-13:29:41.094246 2b04            Options.write_thread_slow_yield_usec: 3
2023/07/09-13:29:41.094253 2b04                               Options.row_cache: None
2023/07/09-13:29:41.094260 2b04                              Options.wal_filter: None
2023/07/09-13:29:41.094267 2b04             Options.avoid_flush_during_recovery: 0
2023/07/09-13:29:41.094276 2b04             Options.allow_ingest_behind: 0
2023/07/09-13:29:41.094284 2b04             Options.two_write_queues: 0
2023/07/09-13:29:41.094292 2b04             Options.manual_wal_flush: 0
2023/07/09-13:29:41.094299 2b04             Options.wal_compression: 0
2023/07/09-13:29:41.094307 2b04             Options.atomic_flush: 0
2023/07/09-13:29:41.094314 2b04             Options.avoid_unnecessary_blocking_io: 0
2023/07/09-13:29:41.094321 2b04                 Options.persist_stats_to_disk: 0
2023/07/09-13:29:41.094327 2b04                 Options.write_dbid_to_manifest: 0
2023/07/09-13:29:41.094334 2b04                 Options.log_readahead_size: 0
2023/07/09-13:29:41.094340 2b04                 Options.file_checksum_gen_factory: Unknown
2023/07/09-13:29:41.094348 2b04                 Options.best_efforts_recovery: 0
2023/07/09-13:29:41.094356 2b04                Options.max_bgerror_resume_count: 2147483647
2023/07/09-13:29:41.094364 2b04            Options.bgerror_resume_retry_interval: 1000000
2023/07/09-13:29:41.094370 2b04             Options.allow_data_in_errors: 0
2023/07/09-13:29:41.094378 2b04             Options.db_host_id: __hostname__
2023/07/09-13:29:41.094385 2b04             Options.enforce_single_del_contracts: true
2023/07/09-13:29:41.094393 2b04             Options.max_background_jobs: 2
2023/07/09-13:29:41.094403 2b04             Options.max_background_compactions: -1
2023/07/09-13:29:41.094412 2b04             Options.max_subcompactions: 1
2023/07/09-13:29:41.094419 2b04             Options.avoid_flush_during_shutdown: 0
2023/07/09-13:29:41.094427 2b04           Options.writable_file_max_buffer_size: 1048576
2023/07/09-13:29:41.094435 2b04             Options.delayed_write_rate : 16777216
2023/07/09-13:29:41.094443 2b04             Options.max_total_wal_size: 0
2023/07/09-13:29:41.094450 2b04             Options.delete_obsolete_files_period_micros: 21600000000
2023/07/09-13:29:41.094457 2b04                   Options.stats_dump_period_sec: 0
2023/07/09-13:29:41.094464 2b04                 Options.stats_persist_period_sec: 0
2023/07/09-13:29:41.094473 2b04                 Options.stats_history_buffer_size: 65536
2023/07/09-13:29:41.094481 2b04                          Options.max_open_files: -1
2023/07/09-13:29:41.094489 2b04                          Options.bytes_per_sync: 0
2023/07/09-13:29:41.094496 2b04                      Options.wal_bytes_per_sync: 0
2023/07/09-13:29:41.094505 2b04                   Options.strict_bytes_per_sync: 0
2023/07/09-13:29:41.094513 2b04       Options.compaction_readahead_size: 0
2023/07/09-13:29:41.094520 2b04                  Options.max_background_flushes: -1
2023/07/09-13:29:41.094529 2b04 Compression algorithms supported:
2023/07/09-13:29:41.094536 2b04 	kZSTD supported: 1
2023/07/09-13:29:41.094572 2b04 	kSnappyCompression supported: 1
2023/07/09-13:29:41.094581 2b04 	kBZip2Compression supported: 0
2023/07/09-13:29:41.094588 2b04 	kZlibCompression supported: 1
2023/07/09-13:29:41.094595 2b04 	kLZ4Compression supported: 1
2023/07/09-13:29:41.094602 2b04 	kXpressCompression supported: 0
2023/07/09-13:29:41.094608 2b04 	kLZ4HCCompression supported: 1
2023/07/09-13:29:41.094614 2b04 	kZSTDNotFinalCompression supported: 1
2023/07/09-13:29:41.094621 2b04 Fast CRC32 supported: Not supported on x86
2023/07/09-13:29:41.094628 2b04 DMutex implementation: std::mutex
2023/07/09-13:29:41.115425 2b04 [WARN] [db\db_impl\db_impl_open.cc:2055] DB::Open() failed: Corruption: CURRENT file corrupted
2023/07/09-13:29:41.115448 2b04 [db\db_impl\db_impl.cc:480] Shutdown: canceling all background work
2023/07/09-13:29:41.115549 2b04 [db\db_impl\db_impl.cc:710] Shutdown complete
