2023/07/09-13:29:41.028459 2bd8 RocksDB version: 7.4.5
2023/07/09-13:29:41.028534 2bd8 Git sha e072c129d57a0883370034cecf6774c745c40f76
2023/07/09-13:29:41.028555 2bd8 Compile date 2022-08-15 17:16:22
2023/07/09-13:29:41.028570 2bd8 DB SUMMARY
2023/07/09-13:29:41.028584 2bd8 DB Session ID:  B39RAD6MD26O8CZNPG81
2023/07/09-13:29:41.043184 2bd8 CURRENT file:  CURRENT
2023/07/09-13:29:41.043221 2bd8 IDENTITY file:  IDENTITY
2023/07/09-13:29:41.045023 2bd8 MANIFEST file:  MANIFEST-000050 size: 170 Bytes
2023/07/09-13:29:41.045081 2bd8 SST files in C:\Users\sschneider\Github\siteSync\sparkplug\hivemq-ce-2023.3\hivemq-ce-2023.3\data\persistence\publish_payload_store\040500_R\publish_payload_store_33 dir, Total Num: 1, files: 000048.sst 
2023/07/09-13:29:41.045118 2bd8 Write Ahead Log file in C:\Users\sschneider\Github\siteSync\sparkplug\hivemq-ce-2023.3\hivemq-ce-2023.3\data\persistence\publish_payload_store\040500_R\publish_payload_store_33: 000049.log size: 101 ; 
2023/07/09-13:29:41.045295 2bd8                         Options.error_if_exists: 0
2023/07/09-13:29:41.045310 2bd8                       Options.create_if_missing: 1
2023/07/09-13:29:41.045319 2bd8                         Options.paranoid_checks: 1
2023/07/09-13:29:41.045327 2bd8             Options.flush_verify_memtable_count: 1
2023/07/09-13:29:41.045337 2bd8                               Options.track_and_verify_wals_in_manifest: 0
2023/07/09-13:29:41.045347 2bd8        Options.verify_sst_unique_id_in_manifest: 0
2023/07/09-13:29:41.045358 2bd8                                     Options.env: 000002596DCCE060
2023/07/09-13:29:41.045369 2bd8                                      Options.fs: WinFS
2023/07/09-13:29:41.045380 2bd8                                Options.info_log: 000002596F7F8D30
2023/07/09-13:29:41.045393 2bd8                Options.max_file_opening_threads: 16
2023/07/09-13:29:41.045405 2bd8                              Options.statistics: 000002596D61CAE0
2023/07/09-13:29:41.045416 2bd8                               Options.use_fsync: 0
2023/07/09-13:29:41.045427 2bd8                       Options.max_log_file_size: 512000
2023/07/09-13:29:41.045439 2bd8                  Options.max_manifest_file_size: 1073741824
2023/07/09-13:29:41.045450 2bd8                   Options.log_file_time_to_roll: 0
2023/07/09-13:29:41.045461 2bd8                       Options.keep_log_file_num: 2
2023/07/09-13:29:41.045472 2bd8                    Options.recycle_log_file_num: 0
2023/07/09-13:29:41.045483 2bd8                         Options.allow_fallocate: 1
2023/07/09-13:29:41.045494 2bd8                        Options.allow_mmap_reads: 0
2023/07/09-13:29:41.045505 2bd8                       Options.allow_mmap_writes: 0
2023/07/09-13:29:41.045515 2bd8                        Options.use_direct_reads: 0
2023/07/09-13:29:41.045526 2bd8                        Options.use_direct_io_for_flush_and_compaction: 0
2023/07/09-13:29:41.045535 2bd8          Options.create_missing_column_families: 0
2023/07/09-13:29:41.045545 2bd8                              Options.db_log_dir: 
2023/07/09-13:29:41.045558 2bd8                                 Options.wal_dir: 
2023/07/09-13:29:41.045568 2bd8                Options.table_cache_numshardbits: 6
2023/07/09-13:29:41.045579 2bd8                         Options.WAL_ttl_seconds: 0
2023/07/09-13:29:41.045591 2bd8                       Options.WAL_size_limit_MB: 0
2023/07/09-13:29:41.045602 2bd8                        Options.max_write_batch_group_size_bytes: 1048576
2023/07/09-13:29:41.045611 2bd8             Options.manifest_preallocation_size: 4194304
2023/07/09-13:29:41.045620 2bd8                     Options.is_fd_close_on_exec: 1
2023/07/09-13:29:41.045628 2bd8                   Options.advise_random_on_open: 1
2023/07/09-13:29:41.045642 2bd8                   Options.experimental_mempurge_threshold: 0.000000
2023/07/09-13:29:41.045652 2bd8                    Options.db_write_buffer_size: 0
2023/07/09-13:29:41.045661 2bd8                    Options.write_buffer_manager: 000002596F4EDD60
2023/07/09-13:29:41.045669 2bd8         Options.access_hint_on_compaction_start: 1
2023/07/09-13:29:41.045722 2bd8           Options.random_access_max_buffer_size: 1048576
2023/07/09-13:29:41.045736 2bd8                      Options.use_adaptive_mutex: 0
2023/07/09-13:29:41.045748 2bd8                            Options.rate_limiter: 0000000000000000
2023/07/09-13:29:41.045756 2bd8     Options.sst_file_manager.rate_bytes_per_sec: 0
2023/07/09-13:29:41.045764 2bd8                       Options.wal_recovery_mode: 2
2023/07/09-13:29:41.045773 2bd8                  Options.enable_thread_tracking: 0
2023/07/09-13:29:41.045781 2bd8                  Options.enable_pipelined_write: 0
2023/07/09-13:29:41.045792 2bd8                  Options.unordered_write: 0
2023/07/09-13:29:41.045802 2bd8         Options.allow_concurrent_memtable_write: 1
2023/07/09-13:29:41.045812 2bd8      Options.enable_write_thread_adaptive_yield: 1
2023/07/09-13:29:41.045822 2bd8             Options.write_thread_max_yield_usec: 100
2023/07/09-13:29:41.045832 2bd8            Options.write_thread_slow_yield_usec: 3
2023/07/09-13:29:41.045841 2bd8                               Options.row_cache: None
2023/07/09-13:29:41.045850 2bd8                              Options.wal_filter: None
2023/07/09-13:29:41.045863 2bd8             Options.avoid_flush_during_recovery: 0
2023/07/09-13:29:41.045873 2bd8             Options.allow_ingest_behind: 0
2023/07/09-13:29:41.045881 2bd8             Options.two_write_queues: 0
2023/07/09-13:29:41.045889 2bd8             Options.manual_wal_flush: 0
2023/07/09-13:29:41.045900 2bd8             Options.wal_compression: 0
2023/07/09-13:29:41.045908 2bd8             Options.atomic_flush: 0
2023/07/09-13:29:41.045915 2bd8             Options.avoid_unnecessary_blocking_io: 0
2023/07/09-13:29:41.045921 2bd8                 Options.persist_stats_to_disk: 0
2023/07/09-13:29:41.045930 2bd8                 Options.write_dbid_to_manifest: 0
2023/07/09-13:29:41.045938 2bd8                 Options.log_readahead_size: 0
2023/07/09-13:29:41.045947 2bd8                 Options.file_checksum_gen_factory: Unknown
2023/07/09-13:29:41.045956 2bd8                 Options.best_efforts_recovery: 0
2023/07/09-13:29:41.045966 2bd8                Options.max_bgerror_resume_count: 2147483647
2023/07/09-13:29:41.045974 2bd8            Options.bgerror_resume_retry_interval: 1000000
2023/07/09-13:29:41.045982 2bd8             Options.allow_data_in_errors: 0
2023/07/09-13:29:41.045990 2bd8             Options.db_host_id: __hostname__
2023/07/09-13:29:41.045998 2bd8             Options.enforce_single_del_contracts: true
2023/07/09-13:29:41.046007 2bd8             Options.max_background_jobs: 2
2023/07/09-13:29:41.046017 2bd8             Options.max_background_compactions: -1
2023/07/09-13:29:41.046026 2bd8             Options.max_subcompactions: 1
2023/07/09-13:29:41.046034 2bd8             Options.avoid_flush_during_shutdown: 0
2023/07/09-13:29:41.046042 2bd8           Options.writable_file_max_buffer_size: 1048576
2023/07/09-13:29:41.046050 2bd8             Options.delayed_write_rate : 16777216
2023/07/09-13:29:41.046058 2bd8             Options.max_total_wal_size: 0
2023/07/09-13:29:41.046067 2bd8             Options.delete_obsolete_files_period_micros: 21600000000
2023/07/09-13:29:41.046075 2bd8                   Options.stats_dump_period_sec: 0
2023/07/09-13:29:41.046085 2bd8                 Options.stats_persist_period_sec: 0
2023/07/09-13:29:41.046095 2bd8                 Options.stats_history_buffer_size: 65536
2023/07/09-13:29:41.046103 2bd8                          Options.max_open_files: -1
2023/07/09-13:29:41.046111 2bd8                          Options.bytes_per_sync: 0
2023/07/09-13:29:41.046119 2bd8                      Options.wal_bytes_per_sync: 0
2023/07/09-13:29:41.046127 2bd8                   Options.strict_bytes_per_sync: 0
2023/07/09-13:29:41.046136 2bd8       Options.compaction_readahead_size: 0
2023/07/09-13:29:41.046145 2bd8                  Options.max_background_flushes: -1
2023/07/09-13:29:41.046153 2bd8 Compression algorithms supported:
2023/07/09-13:29:41.046163 2bd8 	kZSTD supported: 1
2023/07/09-13:29:41.046195 2bd8 	kSnappyCompression supported: 1
2023/07/09-13:29:41.046205 2bd8 	kBZip2Compression supported: 0
2023/07/09-13:29:41.046215 2bd8 	kZlibCompression supported: 1
2023/07/09-13:29:41.046225 2bd8 	kLZ4Compression supported: 1
2023/07/09-13:29:41.046233 2bd8 	kXpressCompression supported: 0
2023/07/09-13:29:41.046241 2bd8 	kLZ4HCCompression supported: 1
2023/07/09-13:29:41.046249 2bd8 	kZSTDNotFinalCompression supported: 1
2023/07/09-13:29:41.046258 2bd8 Fast CRC32 supported: Not supported on x86
2023/07/09-13:29:41.046266 2bd8 DMutex implementation: std::mutex
2023/07/09-13:29:41.062117 2bd8 [WARN] [db\db_impl\db_impl_open.cc:2055] DB::Open() failed: Corruption: CURRENT file corrupted
2023/07/09-13:29:41.062135 2bd8 [db\db_impl\db_impl.cc:480] Shutdown: canceling all background work
2023/07/09-13:29:41.062198 2bd8 [db\db_impl\db_impl.cc:710] Shutdown complete
