2023/07/09-13:29:41.031037 8ac RocksDB version: 7.4.5
2023/07/09-13:29:41.031118 8ac Git sha e072c129d57a0883370034cecf6774c745c40f76
2023/07/09-13:29:41.031145 8ac Compile date 2022-08-15 17:16:22
2023/07/09-13:29:41.031160 8ac DB SUMMARY
2023/07/09-13:29:41.031175 8ac DB Session ID:  B39RAD6MD26O8CZNPG85
2023/07/09-13:29:41.081240 8ac CURRENT file:  CURRENT
2023/07/09-13:29:41.081274 8ac IDENTITY file:  IDENTITY
2023/07/09-13:29:41.081354 8ac MANIFEST file:  MANIFEST-000050 size: 170 Bytes
2023/07/09-13:29:41.081372 8ac SST files in C:\Users\sschneider\Github\siteSync\sparkplug\hivemq-ce-2023.3\hivemq-ce-2023.3\data\persistence\publish_payload_store\040500_R\publish_payload_store_61 dir, Total Num: 1, files: 000048.sst 
2023/07/09-13:29:41.081389 8ac Write Ahead Log file in C:\Users\sschneider\Github\siteSync\sparkplug\hivemq-ce-2023.3\hivemq-ce-2023.3\data\persistence\publish_payload_store\040500_R\publish_payload_store_61: 000049.log size: 284 ; 
2023/07/09-13:29:41.081492 8ac                         Options.error_if_exists: 0
2023/07/09-13:29:41.081509 8ac                       Options.create_if_missing: 1
2023/07/09-13:29:41.081517 8ac                         Options.paranoid_checks: 1
2023/07/09-13:29:41.081524 8ac             Options.flush_verify_memtable_count: 1
2023/07/09-13:29:41.081532 8ac                               Options.track_and_verify_wals_in_manifest: 0
2023/07/09-13:29:41.081539 8ac        Options.verify_sst_unique_id_in_manifest: 0
2023/07/09-13:29:41.081547 8ac                                     Options.env: 000002596DCCE060
2023/07/09-13:29:41.081554 8ac                                      Options.fs: WinFS
2023/07/09-13:29:41.081561 8ac                                Options.info_log: 000002596F7FA130
2023/07/09-13:29:41.081568 8ac                Options.max_file_opening_threads: 16
2023/07/09-13:29:41.081575 8ac                              Options.statistics: 000002596D61CAE0
2023/07/09-13:29:41.081582 8ac                               Options.use_fsync: 0
2023/07/09-13:29:41.081589 8ac                       Options.max_log_file_size: 512000
2023/07/09-13:29:41.081596 8ac                  Options.max_manifest_file_size: 1073741824
2023/07/09-13:29:41.081603 8ac                   Options.log_file_time_to_roll: 0
2023/07/09-13:29:41.081609 8ac                       Options.keep_log_file_num: 2
2023/07/09-13:29:41.081616 8ac                    Options.recycle_log_file_num: 0
2023/07/09-13:29:41.081623 8ac                         Options.allow_fallocate: 1
2023/07/09-13:29:41.081630 8ac                        Options.allow_mmap_reads: 0
2023/07/09-13:29:41.081638 8ac                       Options.allow_mmap_writes: 0
2023/07/09-13:29:41.081645 8ac                        Options.use_direct_reads: 0
2023/07/09-13:29:41.081651 8ac                        Options.use_direct_io_for_flush_and_compaction: 0
2023/07/09-13:29:41.081658 8ac          Options.create_missing_column_families: 0
2023/07/09-13:29:41.081664 8ac                              Options.db_log_dir: 
2023/07/09-13:29:41.081671 8ac                                 Options.wal_dir: 
2023/07/09-13:29:41.081677 8ac                Options.table_cache_numshardbits: 6
2023/07/09-13:29:41.081684 8ac                         Options.WAL_ttl_seconds: 0
2023/07/09-13:29:41.081690 8ac                       Options.WAL_size_limit_MB: 0
2023/07/09-13:29:41.081697 8ac                        Options.max_write_batch_group_size_bytes: 1048576
2023/07/09-13:29:41.081704 8ac             Options.manifest_preallocation_size: 4194304
2023/07/09-13:29:41.081711 8ac                     Options.is_fd_close_on_exec: 1
2023/07/09-13:29:41.081718 8ac                   Options.advise_random_on_open: 1
2023/07/09-13:29:41.081727 8ac                   Options.experimental_mempurge_threshold: 0.000000
2023/07/09-13:29:41.081735 8ac                    Options.db_write_buffer_size: 0
2023/07/09-13:29:41.081743 8ac                    Options.write_buffer_manager: 000002596F4ECE60
2023/07/09-13:29:41.081750 8ac         Options.access_hint_on_compaction_start: 1
2023/07/09-13:29:41.081758 8ac           Options.random_access_max_buffer_size: 1048576
2023/07/09-13:29:41.081787 8ac                      Options.use_adaptive_mutex: 0
2023/07/09-13:29:41.081796 8ac                            Options.rate_limiter: 0000000000000000
2023/07/09-13:29:41.081803 8ac     Options.sst_file_manager.rate_bytes_per_sec: 0
2023/07/09-13:29:41.081810 8ac                       Options.wal_recovery_mode: 2
2023/07/09-13:29:41.081816 8ac                  Options.enable_thread_tracking: 0
2023/07/09-13:29:41.081823 8ac                  Options.enable_pipelined_write: 0
2023/07/09-13:29:41.081829 8ac                  Options.unordered_write: 0
2023/07/09-13:29:41.081835 8ac         Options.allow_concurrent_memtable_write: 1
2023/07/09-13:29:41.081841 8ac      Options.enable_write_thread_adaptive_yield: 1
2023/07/09-13:29:41.081848 8ac             Options.write_thread_max_yield_usec: 100
2023/07/09-13:29:41.081855 8ac            Options.write_thread_slow_yield_usec: 3
2023/07/09-13:29:41.081861 8ac                               Options.row_cache: None
2023/07/09-13:29:41.081868 8ac                              Options.wal_filter: None
2023/07/09-13:29:41.081875 8ac             Options.avoid_flush_during_recovery: 0
2023/07/09-13:29:41.081882 8ac             Options.allow_ingest_behind: 0
2023/07/09-13:29:41.081889 8ac             Options.two_write_queues: 0
2023/07/09-13:29:41.081896 8ac             Options.manual_wal_flush: 0
2023/07/09-13:29:41.081902 8ac             Options.wal_compression: 0
2023/07/09-13:29:41.081909 8ac             Options.atomic_flush: 0
2023/07/09-13:29:41.081915 8ac             Options.avoid_unnecessary_blocking_io: 0
2023/07/09-13:29:41.081922 8ac                 Options.persist_stats_to_disk: 0
2023/07/09-13:29:41.081928 8ac                 Options.write_dbid_to_manifest: 0
2023/07/09-13:29:41.081935 8ac                 Options.log_readahead_size: 0
2023/07/09-13:29:41.081942 8ac                 Options.file_checksum_gen_factory: Unknown
2023/07/09-13:29:41.081948 8ac                 Options.best_efforts_recovery: 0
2023/07/09-13:29:41.081955 8ac                Options.max_bgerror_resume_count: 2147483647
2023/07/09-13:29:41.081963 8ac            Options.bgerror_resume_retry_interval: 1000000
2023/07/09-13:29:41.081970 8ac             Options.allow_data_in_errors: 0
2023/07/09-13:29:41.081978 8ac             Options.db_host_id: __hostname__
2023/07/09-13:29:41.081985 8ac             Options.enforce_single_del_contracts: true
2023/07/09-13:29:41.081992 8ac             Options.max_background_jobs: 2
2023/07/09-13:29:41.081999 8ac             Options.max_background_compactions: -1
2023/07/09-13:29:41.082007 8ac             Options.max_subcompactions: 1
2023/07/09-13:29:41.082015 8ac             Options.avoid_flush_during_shutdown: 0
2023/07/09-13:29:41.082022 8ac           Options.writable_file_max_buffer_size: 1048576
2023/07/09-13:29:41.082029 8ac             Options.delayed_write_rate : 16777216
2023/07/09-13:29:41.082036 8ac             Options.max_total_wal_size: 0
2023/07/09-13:29:41.082043 8ac             Options.delete_obsolete_files_period_micros: 21600000000
2023/07/09-13:29:41.082050 8ac                   Options.stats_dump_period_sec: 0
2023/07/09-13:29:41.082057 8ac                 Options.stats_persist_period_sec: 0
2023/07/09-13:29:41.082063 8ac                 Options.stats_history_buffer_size: 65536
2023/07/09-13:29:41.082070 8ac                          Options.max_open_files: -1
2023/07/09-13:29:41.082077 8ac                          Options.bytes_per_sync: 0
2023/07/09-13:29:41.082084 8ac                      Options.wal_bytes_per_sync: 0
2023/07/09-13:29:41.082092 8ac                   Options.strict_bytes_per_sync: 0
2023/07/09-13:29:41.082100 8ac       Options.compaction_readahead_size: 0
2023/07/09-13:29:41.082106 8ac                  Options.max_background_flushes: -1
2023/07/09-13:29:41.082115 8ac Compression algorithms supported:
2023/07/09-13:29:41.082122 8ac 	kZSTD supported: 1
2023/07/09-13:29:41.082130 8ac 	kSnappyCompression supported: 1
2023/07/09-13:29:41.082138 8ac 	kBZip2Compression supported: 0
2023/07/09-13:29:41.082213 8ac 	kZlibCompression supported: 1
2023/07/09-13:29:41.082250 8ac 	kLZ4Compression supported: 1
2023/07/09-13:29:41.082271 8ac 	kXpressCompression supported: 0
2023/07/09-13:29:41.082299 8ac 	kLZ4HCCompression supported: 1
2023/07/09-13:29:41.082314 8ac 	kZSTDNotFinalCompression supported: 1
2023/07/09-13:29:41.082323 8ac Fast CRC32 supported: Not supported on x86
2023/07/09-13:29:41.082333 8ac DMutex implementation: std::mutex
2023/07/09-13:29:41.101859 8ac [WARN] [db\db_impl\db_impl_open.cc:2055] DB::Open() failed: Corruption: CURRENT file corrupted
2023/07/09-13:29:41.101889 8ac [db\db_impl\db_impl.cc:480] Shutdown: canceling all background work
2023/07/09-13:29:41.101987 8ac [db\db_impl\db_impl.cc:710] Shutdown complete
