2023/07/09-13:29:41.176417 de8 RocksDB version: 7.4.5
2023/07/09-13:29:41.176497 de8 Git sha e072c129d57a0883370034cecf6774c745c40f76
2023/07/09-13:29:41.176520 de8 Compile date 2022-08-15 17:16:22
2023/07/09-13:29:41.176534 de8 DB SUMMARY
2023/07/09-13:29:41.176549 de8 DB Session ID:  B39RAD6MD26O8CZNPG6M
2023/07/09-13:29:41.226572 de8 CURRENT file:  CURRENT
2023/07/09-13:29:41.226629 de8 IDENTITY file:  IDENTITY
2023/07/09-13:29:41.232708 de8 MANIFEST file:  MANIFEST-000050 size: 218 Bytes
2023/07/09-13:29:41.232757 de8 SST files in C:\Users\sschneider\Github\siteSync\sparkplug\hivemq-ce-2023.3\hivemq-ce-2023.3\data\persistence\retained_messages\040500_R\retained_messages_21 dir, Total Num: 1, files: 000048.sst 
2023/07/09-13:29:41.232785 de8 Write Ahead Log file in C:\Users\sschneider\Github\siteSync\sparkplug\hivemq-ce-2023.3\hivemq-ce-2023.3\data\persistence\retained_messages\040500_R\retained_messages_21: 000049.log size: 4845 ; 
2023/07/09-13:29:41.233361 de8                         Options.error_if_exists: 0
2023/07/09-13:29:41.233400 de8                       Options.create_if_missing: 1
2023/07/09-13:29:41.233414 de8                         Options.paranoid_checks: 1
2023/07/09-13:29:41.233427 de8             Options.flush_verify_memtable_count: 1
2023/07/09-13:29:41.233439 de8                               Options.track_and_verify_wals_in_manifest: 0
2023/07/09-13:29:41.233450 de8        Options.verify_sst_unique_id_in_manifest: 0
2023/07/09-13:29:41.233463 de8                                     Options.env: 000002596DCCE060
2023/07/09-13:29:41.233475 de8                                      Options.fs: WinFS
2023/07/09-13:29:41.233487 de8                                Options.info_log: 000002596E19FCB0
2023/07/09-13:29:41.233500 de8                Options.max_file_opening_threads: 16
2023/07/09-13:29:41.233511 de8                              Options.statistics: 000002596F276780
2023/07/09-13:29:41.233522 de8                               Options.use_fsync: 0
2023/07/09-13:29:41.233534 de8                       Options.max_log_file_size: 512000
2023/07/09-13:29:41.233545 de8                  Options.max_manifest_file_size: 1073741824
2023/07/09-13:29:41.233557 de8                   Options.log_file_time_to_roll: 0
2023/07/09-13:29:41.233568 de8                       Options.keep_log_file_num: 2
2023/07/09-13:29:41.233580 de8                    Options.recycle_log_file_num: 0
2023/07/09-13:29:41.233594 de8                         Options.allow_fallocate: 1
2023/07/09-13:29:41.233605 de8                        Options.allow_mmap_reads: 0
2023/07/09-13:29:41.233617 de8                       Options.allow_mmap_writes: 0
2023/07/09-13:29:41.233627 de8                        Options.use_direct_reads: 0
2023/07/09-13:29:41.233638 de8                        Options.use_direct_io_for_flush_and_compaction: 0
2023/07/09-13:29:41.233651 de8          Options.create_missing_column_families: 0
2023/07/09-13:29:41.233661 de8                              Options.db_log_dir: 
2023/07/09-13:29:41.233672 de8                                 Options.wal_dir: 
2023/07/09-13:29:41.233682 de8                Options.table_cache_numshardbits: 6
2023/07/09-13:29:41.233692 de8                         Options.WAL_ttl_seconds: 0
2023/07/09-13:29:41.233704 de8                       Options.WAL_size_limit_MB: 0
2023/07/09-13:29:41.233715 de8                        Options.max_write_batch_group_size_bytes: 1048576
2023/07/09-13:29:41.233727 de8             Options.manifest_preallocation_size: 4194304
2023/07/09-13:29:41.233739 de8                     Options.is_fd_close_on_exec: 1
2023/07/09-13:29:41.233750 de8                   Options.advise_random_on_open: 1
2023/07/09-13:29:41.233762 de8                   Options.experimental_mempurge_threshold: 0.000000
2023/07/09-13:29:41.233773 de8                    Options.db_write_buffer_size: 0
2023/07/09-13:29:41.233785 de8                    Options.write_buffer_manager: 000002596E1DB700
2023/07/09-13:29:41.233796 de8         Options.access_hint_on_compaction_start: 1
2023/07/09-13:29:41.233808 de8           Options.random_access_max_buffer_size: 1048576
2023/07/09-13:29:41.233858 de8                      Options.use_adaptive_mutex: 0
2023/07/09-13:29:41.233873 de8                            Options.rate_limiter: 0000000000000000
2023/07/09-13:29:41.233887 de8     Options.sst_file_manager.rate_bytes_per_sec: 0
2023/07/09-13:29:41.233898 de8                       Options.wal_recovery_mode: 2
2023/07/09-13:29:41.233909 de8                  Options.enable_thread_tracking: 0
2023/07/09-13:29:41.233923 de8                  Options.enable_pipelined_write: 0
2023/07/09-13:29:41.233934 de8                  Options.unordered_write: 0
2023/07/09-13:29:41.233944 de8         Options.allow_concurrent_memtable_write: 1
2023/07/09-13:29:41.233956 de8      Options.enable_write_thread_adaptive_yield: 1
2023/07/09-13:29:41.233967 de8             Options.write_thread_max_yield_usec: 100
2023/07/09-13:29:41.233978 de8            Options.write_thread_slow_yield_usec: 3
2023/07/09-13:29:41.233990 de8                               Options.row_cache: None
2023/07/09-13:29:41.234001 de8                              Options.wal_filter: None
2023/07/09-13:29:41.234012 de8             Options.avoid_flush_during_recovery: 0
2023/07/09-13:29:41.234022 de8             Options.allow_ingest_behind: 0
2023/07/09-13:29:41.234032 de8             Options.two_write_queues: 0
2023/07/09-13:29:41.234042 de8             Options.manual_wal_flush: 0
2023/07/09-13:29:41.234053 de8             Options.wal_compression: 0
2023/07/09-13:29:41.234065 de8             Options.atomic_flush: 0
2023/07/09-13:29:41.234077 de8             Options.avoid_unnecessary_blocking_io: 0
2023/07/09-13:29:41.234089 de8                 Options.persist_stats_to_disk: 0
2023/07/09-13:29:41.234101 de8                 Options.write_dbid_to_manifest: 0
2023/07/09-13:29:41.234114 de8                 Options.log_readahead_size: 0
2023/07/09-13:29:41.234127 de8                 Options.file_checksum_gen_factory: Unknown
2023/07/09-13:29:41.234138 de8                 Options.best_efforts_recovery: 0
2023/07/09-13:29:41.234150 de8                Options.max_bgerror_resume_count: 2147483647
2023/07/09-13:29:41.234161 de8            Options.bgerror_resume_retry_interval: 1000000
2023/07/09-13:29:41.234172 de8             Options.allow_data_in_errors: 0
2023/07/09-13:29:41.234184 de8             Options.db_host_id: __hostname__
2023/07/09-13:29:41.234196 de8             Options.enforce_single_del_contracts: true
2023/07/09-13:29:41.234209 de8             Options.max_background_jobs: 2
2023/07/09-13:29:41.234220 de8             Options.max_background_compactions: -1
2023/07/09-13:29:41.234232 de8             Options.max_subcompactions: 1
2023/07/09-13:29:41.234243 de8             Options.avoid_flush_during_shutdown: 0
2023/07/09-13:29:41.234254 de8           Options.writable_file_max_buffer_size: 1048576
2023/07/09-13:29:41.234266 de8             Options.delayed_write_rate : 16777216
2023/07/09-13:29:41.234279 de8             Options.max_total_wal_size: 0
2023/07/09-13:29:41.234290 de8             Options.delete_obsolete_files_period_micros: 21600000000
2023/07/09-13:29:41.234302 de8                   Options.stats_dump_period_sec: 0
2023/07/09-13:29:41.234312 de8                 Options.stats_persist_period_sec: 0
2023/07/09-13:29:41.234323 de8                 Options.stats_history_buffer_size: 65536
2023/07/09-13:29:41.234335 de8                          Options.max_open_files: -1
2023/07/09-13:29:41.234346 de8                          Options.bytes_per_sync: 0
2023/07/09-13:29:41.234357 de8                      Options.wal_bytes_per_sync: 0
2023/07/09-13:29:41.234369 de8                   Options.strict_bytes_per_sync: 0
2023/07/09-13:29:41.234380 de8       Options.compaction_readahead_size: 0
2023/07/09-13:29:41.234395 de8                  Options.max_background_flushes: -1
2023/07/09-13:29:41.234407 de8 Compression algorithms supported:
2023/07/09-13:29:41.234418 de8 	kZSTD supported: 1
2023/07/09-13:29:41.234431 de8 	kSnappyCompression supported: 1
2023/07/09-13:29:41.234445 de8 	kBZip2Compression supported: 0
2023/07/09-13:29:41.234485 de8 	kZlibCompression supported: 1
2023/07/09-13:29:41.234498 de8 	kLZ4Compression supported: 1
2023/07/09-13:29:41.234510 de8 	kXpressCompression supported: 0
2023/07/09-13:29:41.234521 de8 	kLZ4HCCompression supported: 1
2023/07/09-13:29:41.234532 de8 	kZSTDNotFinalCompression supported: 1
2023/07/09-13:29:41.234563 de8 Fast CRC32 supported: Not supported on x86
2023/07/09-13:29:41.234595 de8 DMutex implementation: std::mutex
2023/07/09-13:29:41.246525 de8 [WARN] [db\db_impl\db_impl_open.cc:2055] DB::Open() failed: Corruption: CURRENT file corrupted
2023/07/09-13:29:41.246553 de8 [db\db_impl\db_impl.cc:480] Shutdown: canceling all background work
2023/07/09-13:29:41.246627 de8 [db\db_impl\db_impl.cc:710] Shutdown complete
