2023/07/09-13:29:40.932572 52a0 RocksDB version: 7.4.5
2023/07/09-13:29:40.932672 52a0 Git sha e072c129d57a0883370034cecf6774c745c40f76
2023/07/09-13:29:40.932695 52a0 Compile date 2022-08-15 17:16:22
2023/07/09-13:29:40.932711 52a0 DB SUMMARY
2023/07/09-13:29:40.932726 52a0 DB Session ID:  B39RAD6MD26O8CZNPG76
2023/07/09-13:29:40.946849 52a0 CURRENT file:  CURRENT
2023/07/09-13:29:40.947101 52a0 IDENTITY file:  IDENTITY
2023/07/09-13:29:40.947239 52a0 MANIFEST file:  MANIFEST-000050 size: 170 Bytes
2023/07/09-13:29:40.947261 52a0 SST files in C:\Users\sschneider\Github\siteSync\sparkplug\hivemq-ce-2023.3\hivemq-ce-2023.3\data\persistence\publish_payload_store\040500_R\publish_payload_store_9 dir, Total Num: 1, files: 000048.sst 
2023/07/09-13:29:40.947278 52a0 Write Ahead Log file in C:\Users\sschneider\Github\siteSync\sparkplug\hivemq-ce-2023.3\hivemq-ce-2023.3\data\persistence\publish_payload_store\040500_R\publish_payload_store_9: 000049.log size: 220 ; 
2023/07/09-13:29:40.947398 52a0                         Options.error_if_exists: 0
2023/07/09-13:29:40.947417 52a0                       Options.create_if_missing: 1
2023/07/09-13:29:40.947425 52a0                         Options.paranoid_checks: 1
2023/07/09-13:29:40.947432 52a0             Options.flush_verify_memtable_count: 1
2023/07/09-13:29:40.947439 52a0                               Options.track_and_verify_wals_in_manifest: 0
2023/07/09-13:29:40.947448 52a0        Options.verify_sst_unique_id_in_manifest: 0
2023/07/09-13:29:40.947456 52a0                                     Options.env: 000002596DCCE060
2023/07/09-13:29:40.947463 52a0                                      Options.fs: WinFS
2023/07/09-13:29:40.947470 52a0                                Options.info_log: 000002596E1A0BB0
2023/07/09-13:29:40.947477 52a0                Options.max_file_opening_threads: 16
2023/07/09-13:29:40.947485 52a0                              Options.statistics: 000002596D61CAE0
2023/07/09-13:29:40.947492 52a0                               Options.use_fsync: 0
2023/07/09-13:29:40.947500 52a0                       Options.max_log_file_size: 512000
2023/07/09-13:29:40.947508 52a0                  Options.max_manifest_file_size: 1073741824
2023/07/09-13:29:40.947518 52a0                   Options.log_file_time_to_roll: 0
2023/07/09-13:29:40.947526 52a0                       Options.keep_log_file_num: 2
2023/07/09-13:29:40.947534 52a0                    Options.recycle_log_file_num: 0
2023/07/09-13:29:40.947541 52a0                         Options.allow_fallocate: 1
2023/07/09-13:29:40.947548 52a0                        Options.allow_mmap_reads: 0
2023/07/09-13:29:40.947560 52a0                       Options.allow_mmap_writes: 0
2023/07/09-13:29:40.947568 52a0                        Options.use_direct_reads: 0
2023/07/09-13:29:40.947576 52a0                        Options.use_direct_io_for_flush_and_compaction: 0
2023/07/09-13:29:40.947584 52a0          Options.create_missing_column_families: 0
2023/07/09-13:29:40.947592 52a0                              Options.db_log_dir: 
2023/07/09-13:29:40.947598 52a0                                 Options.wal_dir: 
2023/07/09-13:29:40.947607 52a0                Options.table_cache_numshardbits: 6
2023/07/09-13:29:40.947616 52a0                         Options.WAL_ttl_seconds: 0
2023/07/09-13:29:40.947624 52a0                       Options.WAL_size_limit_MB: 0
2023/07/09-13:29:40.947632 52a0                        Options.max_write_batch_group_size_bytes: 1048576
2023/07/09-13:29:40.947641 52a0             Options.manifest_preallocation_size: 4194304
2023/07/09-13:29:40.947650 52a0                     Options.is_fd_close_on_exec: 1
2023/07/09-13:29:40.947658 52a0                   Options.advise_random_on_open: 1
2023/07/09-13:29:40.947669 52a0                   Options.experimental_mempurge_threshold: 0.000000
2023/07/09-13:29:40.947680 52a0                    Options.db_write_buffer_size: 0
2023/07/09-13:29:40.947691 52a0                    Options.write_buffer_manager: 000002596F4ED7C0
2023/07/09-13:29:40.947699 52a0         Options.access_hint_on_compaction_start: 1
2023/07/09-13:29:40.947729 52a0           Options.random_access_max_buffer_size: 1048576
2023/07/09-13:29:40.947740 52a0                      Options.use_adaptive_mutex: 0
2023/07/09-13:29:40.947748 52a0                            Options.rate_limiter: 0000000000000000
2023/07/09-13:29:40.947757 52a0     Options.sst_file_manager.rate_bytes_per_sec: 0
2023/07/09-13:29:40.947765 52a0                       Options.wal_recovery_mode: 2
2023/07/09-13:29:40.947773 52a0                  Options.enable_thread_tracking: 0
2023/07/09-13:29:40.947781 52a0                  Options.enable_pipelined_write: 0
2023/07/09-13:29:40.947789 52a0                  Options.unordered_write: 0
2023/07/09-13:29:40.947796 52a0         Options.allow_concurrent_memtable_write: 1
2023/07/09-13:29:40.947803 52a0      Options.enable_write_thread_adaptive_yield: 1
2023/07/09-13:29:40.947810 52a0             Options.write_thread_max_yield_usec: 100
2023/07/09-13:29:40.947816 52a0            Options.write_thread_slow_yield_usec: 3
2023/07/09-13:29:40.947827 52a0                               Options.row_cache: None
2023/07/09-13:29:40.947835 52a0                              Options.wal_filter: None
2023/07/09-13:29:40.947842 52a0             Options.avoid_flush_during_recovery: 0
2023/07/09-13:29:40.947849 52a0             Options.allow_ingest_behind: 0
2023/07/09-13:29:40.947856 52a0             Options.two_write_queues: 0
2023/07/09-13:29:40.947864 52a0             Options.manual_wal_flush: 0
2023/07/09-13:29:40.947872 52a0             Options.wal_compression: 0
2023/07/09-13:29:40.947879 52a0             Options.atomic_flush: 0
2023/07/09-13:29:40.947890 52a0             Options.avoid_unnecessary_blocking_io: 0
2023/07/09-13:29:40.947899 52a0                 Options.persist_stats_to_disk: 0
2023/07/09-13:29:40.947907 52a0                 Options.write_dbid_to_manifest: 0
2023/07/09-13:29:40.947914 52a0                 Options.log_readahead_size: 0
2023/07/09-13:29:40.947922 52a0                 Options.file_checksum_gen_factory: Unknown
2023/07/09-13:29:40.947932 52a0                 Options.best_efforts_recovery: 0
2023/07/09-13:29:40.947939 52a0                Options.max_bgerror_resume_count: 2147483647
2023/07/09-13:29:40.947947 52a0            Options.bgerror_resume_retry_interval: 1000000
2023/07/09-13:29:40.947955 52a0             Options.allow_data_in_errors: 0
2023/07/09-13:29:40.947962 52a0             Options.db_host_id: __hostname__
2023/07/09-13:29:40.947969 52a0             Options.enforce_single_del_contracts: true
2023/07/09-13:29:40.947977 52a0             Options.max_background_jobs: 2
2023/07/09-13:29:40.947984 52a0             Options.max_background_compactions: -1
2023/07/09-13:29:40.947991 52a0             Options.max_subcompactions: 1
2023/07/09-13:29:40.947999 52a0             Options.avoid_flush_during_shutdown: 0
2023/07/09-13:29:40.948006 52a0           Options.writable_file_max_buffer_size: 1048576
2023/07/09-13:29:40.948014 52a0             Options.delayed_write_rate : 16777216
2023/07/09-13:29:40.948021 52a0             Options.max_total_wal_size: 0
2023/07/09-13:29:40.948028 52a0             Options.delete_obsolete_files_period_micros: 21600000000
2023/07/09-13:29:40.948035 52a0                   Options.stats_dump_period_sec: 0
2023/07/09-13:29:40.948042 52a0                 Options.stats_persist_period_sec: 0
2023/07/09-13:29:40.948049 52a0                 Options.stats_history_buffer_size: 65536
2023/07/09-13:29:40.948056 52a0                          Options.max_open_files: -1
2023/07/09-13:29:40.948063 52a0                          Options.bytes_per_sync: 0
2023/07/09-13:29:40.948070 52a0                      Options.wal_bytes_per_sync: 0
2023/07/09-13:29:40.948077 52a0                   Options.strict_bytes_per_sync: 0
2023/07/09-13:29:40.948086 52a0       Options.compaction_readahead_size: 0
2023/07/09-13:29:40.948094 52a0                  Options.max_background_flushes: -1
2023/07/09-13:29:40.948101 52a0 Compression algorithms supported:
2023/07/09-13:29:40.948109 52a0 	kZSTD supported: 1
2023/07/09-13:29:40.948132 52a0 	kSnappyCompression supported: 1
2023/07/09-13:29:40.948147 52a0 	kBZip2Compression supported: 0
2023/07/09-13:29:40.948156 52a0 	kZlibCompression supported: 1
2023/07/09-13:29:40.948165 52a0 	kLZ4Compression supported: 1
2023/07/09-13:29:40.948172 52a0 	kXpressCompression supported: 0
2023/07/09-13:29:40.948178 52a0 	kLZ4HCCompression supported: 1
2023/07/09-13:29:40.948184 52a0 	kZSTDNotFinalCompression supported: 1
2023/07/09-13:29:40.948192 52a0 Fast CRC32 supported: Not supported on x86
2023/07/09-13:29:40.948198 52a0 DMutex implementation: std::mutex
2023/07/09-13:29:40.984359 52a0 [WARN] [db\db_impl\db_impl_open.cc:2055] DB::Open() failed: Corruption: CURRENT file corrupted
2023/07/09-13:29:40.984377 52a0 [db\db_impl\db_impl.cc:480] Shutdown: canceling all background work
2023/07/09-13:29:40.984430 52a0 [db\db_impl\db_impl.cc:710] Shutdown complete
