2023/07/09-13:29:41.154629 50f4 RocksDB version: 7.4.5
2023/07/09-13:29:41.154800 50f4 Git sha e072c129d57a0883370034cecf6774c745c40f76
2023/07/09-13:29:41.154854 50f4 Compile date 2022-08-15 17:16:22
2023/07/09-13:29:41.154888 50f4 DB SUMMARY
2023/07/09-13:29:41.154920 50f4 DB Session ID:  B39RAD6MD26O8CZNPG64
2023/07/09-13:29:41.192022 50f4 CURRENT file:  CURRENT
2023/07/09-13:29:41.192064 50f4 IDENTITY file:  IDENTITY
2023/07/09-13:29:41.193230 50f4 MANIFEST file:  MANIFEST-000050 size: 218 Bytes
2023/07/09-13:29:41.193261 50f4 SST files in C:\Users\sschneider\Github\siteSync\sparkplug\hivemq-ce-2023.3\hivemq-ce-2023.3\data\persistence\retained_messages\040500_R\retained_messages_28 dir, Total Num: 1, files: 000048.sst 
2023/07/09-13:29:41.193281 50f4 Write Ahead Log file in C:\Users\sschneider\Github\siteSync\sparkplug\hivemq-ce-2023.3\hivemq-ce-2023.3\data\persistence\retained_messages\040500_R\retained_messages_28: 000049.log size: 4845 ; 
2023/07/09-13:29:41.193401 50f4                         Options.error_if_exists: 0
2023/07/09-13:29:41.193418 50f4                       Options.create_if_missing: 1
2023/07/09-13:29:41.193430 50f4                         Options.paranoid_checks: 1
2023/07/09-13:29:41.193440 50f4             Options.flush_verify_memtable_count: 1
2023/07/09-13:29:41.193449 50f4                               Options.track_and_verify_wals_in_manifest: 0
2023/07/09-13:29:41.193457 50f4        Options.verify_sst_unique_id_in_manifest: 0
2023/07/09-13:29:41.193465 50f4                                     Options.env: 000002596DCCE060
2023/07/09-13:29:41.193473 50f4                                      Options.fs: WinFS
2023/07/09-13:29:41.193480 50f4                                Options.info_log: 000002596DED4B50
2023/07/09-13:29:41.193488 50f4                Options.max_file_opening_threads: 16
2023/07/09-13:29:41.193495 50f4                              Options.statistics: 000002596F276780
2023/07/09-13:29:41.193503 50f4                               Options.use_fsync: 0
2023/07/09-13:29:41.193510 50f4                       Options.max_log_file_size: 512000
2023/07/09-13:29:41.193518 50f4                  Options.max_manifest_file_size: 1073741824
2023/07/09-13:29:41.193526 50f4                   Options.log_file_time_to_roll: 0
2023/07/09-13:29:41.193533 50f4                       Options.keep_log_file_num: 2
2023/07/09-13:29:41.193540 50f4                    Options.recycle_log_file_num: 0
2023/07/09-13:29:41.193547 50f4                         Options.allow_fallocate: 1
2023/07/09-13:29:41.193555 50f4                        Options.allow_mmap_reads: 0
2023/07/09-13:29:41.193562 50f4                       Options.allow_mmap_writes: 0
2023/07/09-13:29:41.193570 50f4                        Options.use_direct_reads: 0
2023/07/09-13:29:41.193577 50f4                        Options.use_direct_io_for_flush_and_compaction: 0
2023/07/09-13:29:41.193585 50f4          Options.create_missing_column_families: 0
2023/07/09-13:29:41.193593 50f4                              Options.db_log_dir: 
2023/07/09-13:29:41.193600 50f4                                 Options.wal_dir: 
2023/07/09-13:29:41.193608 50f4                Options.table_cache_numshardbits: 6
2023/07/09-13:29:41.193615 50f4                         Options.WAL_ttl_seconds: 0
2023/07/09-13:29:41.193623 50f4                       Options.WAL_size_limit_MB: 0
2023/07/09-13:29:41.193630 50f4                        Options.max_write_batch_group_size_bytes: 1048576
2023/07/09-13:29:41.193639 50f4             Options.manifest_preallocation_size: 4194304
2023/07/09-13:29:41.193646 50f4                     Options.is_fd_close_on_exec: 1
2023/07/09-13:29:41.193653 50f4                   Options.advise_random_on_open: 1
2023/07/09-13:29:41.193661 50f4                   Options.experimental_mempurge_threshold: 0.000000
2023/07/09-13:29:41.193667 50f4                    Options.db_write_buffer_size: 0
2023/07/09-13:29:41.193675 50f4                    Options.write_buffer_manager: 000002596FF94360
2023/07/09-13:29:41.193683 50f4         Options.access_hint_on_compaction_start: 1
2023/07/09-13:29:41.193715 50f4           Options.random_access_max_buffer_size: 1048576
2023/07/09-13:29:41.193726 50f4                      Options.use_adaptive_mutex: 0
2023/07/09-13:29:41.193735 50f4                            Options.rate_limiter: 0000000000000000
2023/07/09-13:29:41.193745 50f4     Options.sst_file_manager.rate_bytes_per_sec: 0
2023/07/09-13:29:41.193755 50f4                       Options.wal_recovery_mode: 2
2023/07/09-13:29:41.193763 50f4                  Options.enable_thread_tracking: 0
2023/07/09-13:29:41.193773 50f4                  Options.enable_pipelined_write: 0
2023/07/09-13:29:41.193783 50f4                  Options.unordered_write: 0
2023/07/09-13:29:41.193792 50f4         Options.allow_concurrent_memtable_write: 1
2023/07/09-13:29:41.193799 50f4      Options.enable_write_thread_adaptive_yield: 1
2023/07/09-13:29:41.193808 50f4             Options.write_thread_max_yield_usec: 100
2023/07/09-13:29:41.193817 50f4            Options.write_thread_slow_yield_usec: 3
2023/07/09-13:29:41.193826 50f4                               Options.row_cache: None
2023/07/09-13:29:41.193836 50f4                              Options.wal_filter: None
2023/07/09-13:29:41.193842 50f4             Options.avoid_flush_during_recovery: 0
2023/07/09-13:29:41.193849 50f4             Options.allow_ingest_behind: 0
2023/07/09-13:29:41.193856 50f4             Options.two_write_queues: 0
2023/07/09-13:29:41.193862 50f4             Options.manual_wal_flush: 0
2023/07/09-13:29:41.193869 50f4             Options.wal_compression: 0
2023/07/09-13:29:41.193875 50f4             Options.atomic_flush: 0
2023/07/09-13:29:41.193881 50f4             Options.avoid_unnecessary_blocking_io: 0
2023/07/09-13:29:41.193889 50f4                 Options.persist_stats_to_disk: 0
2023/07/09-13:29:41.193896 50f4                 Options.write_dbid_to_manifest: 0
2023/07/09-13:29:41.193902 50f4                 Options.log_readahead_size: 0
2023/07/09-13:29:41.193909 50f4                 Options.file_checksum_gen_factory: Unknown
2023/07/09-13:29:41.193916 50f4                 Options.best_efforts_recovery: 0
2023/07/09-13:29:41.193922 50f4                Options.max_bgerror_resume_count: 2147483647
2023/07/09-13:29:41.193929 50f4            Options.bgerror_resume_retry_interval: 1000000
2023/07/09-13:29:41.193935 50f4             Options.allow_data_in_errors: 0
2023/07/09-13:29:41.193942 50f4             Options.db_host_id: __hostname__
2023/07/09-13:29:41.193948 50f4             Options.enforce_single_del_contracts: true
2023/07/09-13:29:41.193955 50f4             Options.max_background_jobs: 2
2023/07/09-13:29:41.193961 50f4             Options.max_background_compactions: -1
2023/07/09-13:29:41.193967 50f4             Options.max_subcompactions: 1
2023/07/09-13:29:41.193974 50f4             Options.avoid_flush_during_shutdown: 0
2023/07/09-13:29:41.193980 50f4           Options.writable_file_max_buffer_size: 1048576
2023/07/09-13:29:41.193987 50f4             Options.delayed_write_rate : 16777216
2023/07/09-13:29:41.193993 50f4             Options.max_total_wal_size: 0
2023/07/09-13:29:41.194000 50f4             Options.delete_obsolete_files_period_micros: 21600000000
2023/07/09-13:29:41.194006 50f4                   Options.stats_dump_period_sec: 0
2023/07/09-13:29:41.194013 50f4                 Options.stats_persist_period_sec: 0
2023/07/09-13:29:41.194020 50f4                 Options.stats_history_buffer_size: 65536
2023/07/09-13:29:41.194027 50f4                          Options.max_open_files: -1
2023/07/09-13:29:41.194034 50f4                          Options.bytes_per_sync: 0
2023/07/09-13:29:41.194042 50f4                      Options.wal_bytes_per_sync: 0
2023/07/09-13:29:41.194048 50f4                   Options.strict_bytes_per_sync: 0
2023/07/09-13:29:41.194055 50f4       Options.compaction_readahead_size: 0
2023/07/09-13:29:41.194061 50f4                  Options.max_background_flushes: -1
2023/07/09-13:29:41.194067 50f4 Compression algorithms supported:
2023/07/09-13:29:41.194074 50f4 	kZSTD supported: 1
2023/07/09-13:29:41.194081 50f4 	kSnappyCompression supported: 1
2023/07/09-13:29:41.194102 50f4 	kBZip2Compression supported: 0
2023/07/09-13:29:41.194109 50f4 	kZlibCompression supported: 1
2023/07/09-13:29:41.194115 50f4 	kLZ4Compression supported: 1
2023/07/09-13:29:41.194121 50f4 	kXpressCompression supported: 0
2023/07/09-13:29:41.194128 50f4 	kLZ4HCCompression supported: 1
2023/07/09-13:29:41.194134 50f4 	kZSTDNotFinalCompression supported: 1
2023/07/09-13:29:41.194141 50f4 Fast CRC32 supported: Not supported on x86
2023/07/09-13:29:41.194147 50f4 DMutex implementation: std::mutex
2023/07/09-13:29:41.213085 50f4 [WARN] [db\db_impl\db_impl_open.cc:2055] DB::Open() failed: Corruption: CURRENT file corrupted
2023/07/09-13:29:41.213106 50f4 [db\db_impl\db_impl.cc:480] Shutdown: canceling all background work
2023/07/09-13:29:41.213180 50f4 [db\db_impl\db_impl.cc:710] Shutdown complete
