2023/07/09-13:29:41.165149 1f44 RocksDB version: 7.4.5
2023/07/09-13:29:41.165285 1f44 Git sha e072c129d57a0883370034cecf6774c745c40f76
2023/07/09-13:29:41.165338 1f44 Compile date 2022-08-15 17:16:22
2023/07/09-13:29:41.165376 1f44 DB SUMMARY
2023/07/09-13:29:41.165407 1f44 DB Session ID:  B39RAD6MD26O8CZNPG5T
2023/07/09-13:29:41.198952 1f44 CURRENT file:  CURRENT
2023/07/09-13:29:41.198988 1f44 IDENTITY file:  IDENTITY
2023/07/09-13:29:41.199090 1f44 MANIFEST file:  MANIFEST-000050 size: 218 Bytes
2023/07/09-13:29:41.199112 1f44 SST files in C:\Users\sschneider\Github\siteSync\sparkplug\hivemq-ce-2023.3\hivemq-ce-2023.3\data\persistence\retained_messages\040500_R\retained_messages_46 dir, Total Num: 1, files: 000048.sst 
2023/07/09-13:29:41.199167 1f44 Write Ahead Log file in C:\Users\sschneider\Github\siteSync\sparkplug\hivemq-ce-2023.3\hivemq-ce-2023.3\data\persistence\retained_messages\040500_R\retained_messages_46: 000049.log size: 4826 ; 
2023/07/09-13:29:41.200155 1f44                         Options.error_if_exists: 0
2023/07/09-13:29:41.200242 1f44                       Options.create_if_missing: 1
2023/07/09-13:29:41.200285 1f44                         Options.paranoid_checks: 1
2023/07/09-13:29:41.200340 1f44             Options.flush_verify_memtable_count: 1
2023/07/09-13:29:41.200351 1f44                               Options.track_and_verify_wals_in_manifest: 0
2023/07/09-13:29:41.200373 1f44        Options.verify_sst_unique_id_in_manifest: 0
2023/07/09-13:29:41.200406 1f44                                     Options.env: 000002596DCCE060
2023/07/09-13:29:41.200418 1f44                                      Options.fs: WinFS
2023/07/09-13:29:41.200425 1f44                                Options.info_log: 000002596F69C360
2023/07/09-13:29:41.200432 1f44                Options.max_file_opening_threads: 16
2023/07/09-13:29:41.200439 1f44                              Options.statistics: 000002596F276780
2023/07/09-13:29:41.200446 1f44                               Options.use_fsync: 0
2023/07/09-13:29:41.200455 1f44                       Options.max_log_file_size: 512000
2023/07/09-13:29:41.200465 1f44                  Options.max_manifest_file_size: 1073741824
2023/07/09-13:29:41.200477 1f44                   Options.log_file_time_to_roll: 0
2023/07/09-13:29:41.200488 1f44                       Options.keep_log_file_num: 2
2023/07/09-13:29:41.200495 1f44                    Options.recycle_log_file_num: 0
2023/07/09-13:29:41.200502 1f44                         Options.allow_fallocate: 1
2023/07/09-13:29:41.200508 1f44                        Options.allow_mmap_reads: 0
2023/07/09-13:29:41.200515 1f44                       Options.allow_mmap_writes: 0
2023/07/09-13:29:41.200522 1f44                        Options.use_direct_reads: 0
2023/07/09-13:29:41.200529 1f44                        Options.use_direct_io_for_flush_and_compaction: 0
2023/07/09-13:29:41.200535 1f44          Options.create_missing_column_families: 0
2023/07/09-13:29:41.200541 1f44                              Options.db_log_dir: 
2023/07/09-13:29:41.200548 1f44                                 Options.wal_dir: 
2023/07/09-13:29:41.200554 1f44                Options.table_cache_numshardbits: 6
2023/07/09-13:29:41.200561 1f44                         Options.WAL_ttl_seconds: 0
2023/07/09-13:29:41.200568 1f44                       Options.WAL_size_limit_MB: 0
2023/07/09-13:29:41.200575 1f44                        Options.max_write_batch_group_size_bytes: 1048576
2023/07/09-13:29:41.200582 1f44             Options.manifest_preallocation_size: 4194304
2023/07/09-13:29:41.200588 1f44                     Options.is_fd_close_on_exec: 1
2023/07/09-13:29:41.200594 1f44                   Options.advise_random_on_open: 1
2023/07/09-13:29:41.200602 1f44                   Options.experimental_mempurge_threshold: 0.000000
2023/07/09-13:29:41.200609 1f44                    Options.db_write_buffer_size: 0
2023/07/09-13:29:41.200615 1f44                    Options.write_buffer_manager: 000002596E18ABA0
2023/07/09-13:29:41.200622 1f44         Options.access_hint_on_compaction_start: 1
2023/07/09-13:29:41.200675 1f44           Options.random_access_max_buffer_size: 1048576
2023/07/09-13:29:41.200690 1f44                      Options.use_adaptive_mutex: 0
2023/07/09-13:29:41.200697 1f44                            Options.rate_limiter: 0000000000000000
2023/07/09-13:29:41.200704 1f44     Options.sst_file_manager.rate_bytes_per_sec: 0
2023/07/09-13:29:41.200712 1f44                       Options.wal_recovery_mode: 2
2023/07/09-13:29:41.200720 1f44                  Options.enable_thread_tracking: 0
2023/07/09-13:29:41.200729 1f44                  Options.enable_pipelined_write: 0
2023/07/09-13:29:41.200738 1f44                  Options.unordered_write: 0
2023/07/09-13:29:41.200744 1f44         Options.allow_concurrent_memtable_write: 1
2023/07/09-13:29:41.200751 1f44      Options.enable_write_thread_adaptive_yield: 1
2023/07/09-13:29:41.200757 1f44             Options.write_thread_max_yield_usec: 100
2023/07/09-13:29:41.200764 1f44            Options.write_thread_slow_yield_usec: 3
2023/07/09-13:29:41.200770 1f44                               Options.row_cache: None
2023/07/09-13:29:41.200776 1f44                              Options.wal_filter: None
2023/07/09-13:29:41.200783 1f44             Options.avoid_flush_during_recovery: 0
2023/07/09-13:29:41.200789 1f44             Options.allow_ingest_behind: 0
2023/07/09-13:29:41.200795 1f44             Options.two_write_queues: 0
2023/07/09-13:29:41.200802 1f44             Options.manual_wal_flush: 0
2023/07/09-13:29:41.200808 1f44             Options.wal_compression: 0
2023/07/09-13:29:41.200815 1f44             Options.atomic_flush: 0
2023/07/09-13:29:41.200822 1f44             Options.avoid_unnecessary_blocking_io: 0
2023/07/09-13:29:41.200829 1f44                 Options.persist_stats_to_disk: 0
2023/07/09-13:29:41.200835 1f44                 Options.write_dbid_to_manifest: 0
2023/07/09-13:29:41.200842 1f44                 Options.log_readahead_size: 0
2023/07/09-13:29:41.200848 1f44                 Options.file_checksum_gen_factory: Unknown
2023/07/09-13:29:41.200854 1f44                 Options.best_efforts_recovery: 0
2023/07/09-13:29:41.200861 1f44                Options.max_bgerror_resume_count: 2147483647
2023/07/09-13:29:41.200868 1f44            Options.bgerror_resume_retry_interval: 1000000
2023/07/09-13:29:41.200874 1f44             Options.allow_data_in_errors: 0
2023/07/09-13:29:41.200883 1f44             Options.db_host_id: __hostname__
2023/07/09-13:29:41.200890 1f44             Options.enforce_single_del_contracts: true
2023/07/09-13:29:41.200896 1f44             Options.max_background_jobs: 2
2023/07/09-13:29:41.200902 1f44             Options.max_background_compactions: -1
2023/07/09-13:29:41.200909 1f44             Options.max_subcompactions: 1
2023/07/09-13:29:41.200915 1f44             Options.avoid_flush_during_shutdown: 0
2023/07/09-13:29:41.200921 1f44           Options.writable_file_max_buffer_size: 1048576
2023/07/09-13:29:41.200928 1f44             Options.delayed_write_rate : 16777216
2023/07/09-13:29:41.200935 1f44             Options.max_total_wal_size: 0
2023/07/09-13:29:41.200941 1f44             Options.delete_obsolete_files_period_micros: 21600000000
2023/07/09-13:29:41.200948 1f44                   Options.stats_dump_period_sec: 0
2023/07/09-13:29:41.200954 1f44                 Options.stats_persist_period_sec: 0
2023/07/09-13:29:41.200960 1f44                 Options.stats_history_buffer_size: 65536
2023/07/09-13:29:41.200967 1f44                          Options.max_open_files: -1
2023/07/09-13:29:41.200976 1f44                          Options.bytes_per_sync: 0
2023/07/09-13:29:41.200982 1f44                      Options.wal_bytes_per_sync: 0
2023/07/09-13:29:41.200988 1f44                   Options.strict_bytes_per_sync: 0
2023/07/09-13:29:41.200995 1f44       Options.compaction_readahead_size: 0
2023/07/09-13:29:41.201001 1f44                  Options.max_background_flushes: -1
2023/07/09-13:29:41.201008 1f44 Compression algorithms supported:
2023/07/09-13:29:41.201016 1f44 	kZSTD supported: 1
2023/07/09-13:29:41.201023 1f44 	kSnappyCompression supported: 1
2023/07/09-13:29:41.201052 1f44 	kBZip2Compression supported: 0
2023/07/09-13:29:41.201060 1f44 	kZlibCompression supported: 1
2023/07/09-13:29:41.201067 1f44 	kLZ4Compression supported: 1
2023/07/09-13:29:41.201076 1f44 	kXpressCompression supported: 0
2023/07/09-13:29:41.201084 1f44 	kLZ4HCCompression supported: 1
2023/07/09-13:29:41.201091 1f44 	kZSTDNotFinalCompression supported: 1
2023/07/09-13:29:41.201099 1f44 Fast CRC32 supported: Not supported on x86
2023/07/09-13:29:41.201107 1f44 DMutex implementation: std::mutex
2023/07/09-13:29:41.209216 1f44 [WARN] [db\db_impl\db_impl_open.cc:2055] DB::Open() failed: Corruption: CURRENT file corrupted
2023/07/09-13:29:41.209235 1f44 [db\db_impl\db_impl.cc:480] Shutdown: canceling all background work
2023/07/09-13:29:41.209289 1f44 [db\db_impl\db_impl.cc:710] Shutdown complete
