2023/07/09-13:29:41.043880 3a8c RocksDB version: 7.4.5
2023/07/09-13:29:41.043977 3a8c Git sha e072c129d57a0883370034cecf6774c745c40f76
2023/07/09-13:29:41.044002 3a8c Compile date 2022-08-15 17:16:22
2023/07/09-13:29:41.044018 3a8c DB SUMMARY
2023/07/09-13:29:41.044031 3a8c DB Session ID:  B39RAD6MD26O8CZNPG8K
2023/07/09-13:29:41.093747 3a8c CURRENT file:  CURRENT
2023/07/09-13:29:41.093787 3a8c IDENTITY file:  IDENTITY
2023/07/09-13:29:41.103304 3a8c MANIFEST file:  MANIFEST-000051 size: 263 Bytes
2023/07/09-13:29:41.103347 3a8c SST files in C:\Users\sschneider\Github\siteSync\sparkplug\hivemq-ce-2023.3\hivemq-ce-2023.3\data\persistence\publish_payload_store\040500_R\publish_payload_store_40 dir, Total Num: 2, files: 000016.sst 000049.sst 
2023/07/09-13:29:41.103470 3a8c Write Ahead Log file in C:\Users\sschneider\Github\siteSync\sparkplug\hivemq-ce-2023.3\hivemq-ce-2023.3\data\persistence\publish_payload_store\040500_R\publish_payload_store_40: 000050.log size: 400 ; 
2023/07/09-13:29:41.103493 3a8c                         Options.error_if_exists: 0
2023/07/09-13:29:41.103501 3a8c                       Options.create_if_missing: 1
2023/07/09-13:29:41.103508 3a8c                         Options.paranoid_checks: 1
2023/07/09-13:29:41.103515 3a8c             Options.flush_verify_memtable_count: 1
2023/07/09-13:29:41.103524 3a8c                               Options.track_and_verify_wals_in_manifest: 0
2023/07/09-13:29:41.103532 3a8c        Options.verify_sst_unique_id_in_manifest: 0
2023/07/09-13:29:41.103539 3a8c                                     Options.env: 000002596DCCE060
2023/07/09-13:29:41.103548 3a8c                                      Options.fs: WinFS
2023/07/09-13:29:41.103557 3a8c                                Options.info_log: 000002596F7F8830
2023/07/09-13:29:41.103568 3a8c                Options.max_file_opening_threads: 16
2023/07/09-13:29:41.103603 3a8c                              Options.statistics: 000002596D61CAE0
2023/07/09-13:29:41.103631 3a8c                               Options.use_fsync: 0
2023/07/09-13:29:41.103652 3a8c                       Options.max_log_file_size: 512000
2023/07/09-13:29:41.103676 3a8c                  Options.max_manifest_file_size: 1073741824
2023/07/09-13:29:41.103693 3a8c                   Options.log_file_time_to_roll: 0
2023/07/09-13:29:41.103709 3a8c                       Options.keep_log_file_num: 2
2023/07/09-13:29:41.103724 3a8c                    Options.recycle_log_file_num: 0
2023/07/09-13:29:41.103738 3a8c                         Options.allow_fallocate: 1
2023/07/09-13:29:41.103754 3a8c                        Options.allow_mmap_reads: 0
2023/07/09-13:29:41.103769 3a8c                       Options.allow_mmap_writes: 0
2023/07/09-13:29:41.103793 3a8c                        Options.use_direct_reads: 0
2023/07/09-13:29:41.103810 3a8c                        Options.use_direct_io_for_flush_and_compaction: 0
2023/07/09-13:29:41.103825 3a8c          Options.create_missing_column_families: 0
2023/07/09-13:29:41.103841 3a8c                              Options.db_log_dir: 
2023/07/09-13:29:41.103856 3a8c                                 Options.wal_dir: 
2023/07/09-13:29:41.103871 3a8c                Options.table_cache_numshardbits: 6
2023/07/09-13:29:41.103885 3a8c                         Options.WAL_ttl_seconds: 0
2023/07/09-13:29:41.103902 3a8c                       Options.WAL_size_limit_MB: 0
2023/07/09-13:29:41.103918 3a8c                        Options.max_write_batch_group_size_bytes: 1048576
2023/07/09-13:29:41.103933 3a8c             Options.manifest_preallocation_size: 4194304
2023/07/09-13:29:41.103949 3a8c                     Options.is_fd_close_on_exec: 1
2023/07/09-13:29:41.103964 3a8c                   Options.advise_random_on_open: 1
2023/07/09-13:29:41.103980 3a8c                   Options.experimental_mempurge_threshold: 0.000000
2023/07/09-13:29:41.103996 3a8c                    Options.db_write_buffer_size: 0
2023/07/09-13:29:41.104012 3a8c                    Options.write_buffer_manager: 000002596F4EC320
2023/07/09-13:29:41.104027 3a8c         Options.access_hint_on_compaction_start: 1
2023/07/09-13:29:41.104087 3a8c           Options.random_access_max_buffer_size: 1048576
2023/07/09-13:29:41.104107 3a8c                      Options.use_adaptive_mutex: 0
2023/07/09-13:29:41.104122 3a8c                            Options.rate_limiter: 0000000000000000
2023/07/09-13:29:41.104139 3a8c     Options.sst_file_manager.rate_bytes_per_sec: 0
2023/07/09-13:29:41.104167 3a8c                       Options.wal_recovery_mode: 2
2023/07/09-13:29:41.104185 3a8c                  Options.enable_thread_tracking: 0
2023/07/09-13:29:41.104200 3a8c                  Options.enable_pipelined_write: 0
2023/07/09-13:29:41.104215 3a8c                  Options.unordered_write: 0
2023/07/09-13:29:41.104229 3a8c         Options.allow_concurrent_memtable_write: 1
2023/07/09-13:29:41.104245 3a8c      Options.enable_write_thread_adaptive_yield: 1
2023/07/09-13:29:41.104260 3a8c             Options.write_thread_max_yield_usec: 100
2023/07/09-13:29:41.104276 3a8c            Options.write_thread_slow_yield_usec: 3
2023/07/09-13:29:41.104292 3a8c                               Options.row_cache: None
2023/07/09-13:29:41.104308 3a8c                              Options.wal_filter: None
2023/07/09-13:29:41.104344 3a8c             Options.avoid_flush_during_recovery: 0
2023/07/09-13:29:41.104355 3a8c             Options.allow_ingest_behind: 0
2023/07/09-13:29:41.104362 3a8c             Options.two_write_queues: 0
2023/07/09-13:29:41.104369 3a8c             Options.manual_wal_flush: 0
2023/07/09-13:29:41.104376 3a8c             Options.wal_compression: 0
2023/07/09-13:29:41.104383 3a8c             Options.atomic_flush: 0
2023/07/09-13:29:41.104390 3a8c             Options.avoid_unnecessary_blocking_io: 0
2023/07/09-13:29:41.104396 3a8c                 Options.persist_stats_to_disk: 0
2023/07/09-13:29:41.104404 3a8c                 Options.write_dbid_to_manifest: 0
2023/07/09-13:29:41.104414 3a8c                 Options.log_readahead_size: 0
2023/07/09-13:29:41.104423 3a8c                 Options.file_checksum_gen_factory: Unknown
2023/07/09-13:29:41.104432 3a8c                 Options.best_efforts_recovery: 0
2023/07/09-13:29:41.104441 3a8c                Options.max_bgerror_resume_count: 2147483647
2023/07/09-13:29:41.104451 3a8c            Options.bgerror_resume_retry_interval: 1000000
2023/07/09-13:29:41.104461 3a8c             Options.allow_data_in_errors: 0
2023/07/09-13:29:41.104473 3a8c             Options.db_host_id: __hostname__
2023/07/09-13:29:41.104485 3a8c             Options.enforce_single_del_contracts: true
2023/07/09-13:29:41.104495 3a8c             Options.max_background_jobs: 2
2023/07/09-13:29:41.104505 3a8c             Options.max_background_compactions: -1
2023/07/09-13:29:41.104514 3a8c             Options.max_subcompactions: 1
2023/07/09-13:29:41.104523 3a8c             Options.avoid_flush_during_shutdown: 0
2023/07/09-13:29:41.104533 3a8c           Options.writable_file_max_buffer_size: 1048576
2023/07/09-13:29:41.104542 3a8c             Options.delayed_write_rate : 16777216
2023/07/09-13:29:41.104551 3a8c             Options.max_total_wal_size: 0
2023/07/09-13:29:41.104558 3a8c             Options.delete_obsolete_files_period_micros: 21600000000
2023/07/09-13:29:41.104565 3a8c                   Options.stats_dump_period_sec: 0
2023/07/09-13:29:41.104572 3a8c                 Options.stats_persist_period_sec: 0
2023/07/09-13:29:41.104578 3a8c                 Options.stats_history_buffer_size: 65536
2023/07/09-13:29:41.104585 3a8c                          Options.max_open_files: -1
2023/07/09-13:29:41.104592 3a8c                          Options.bytes_per_sync: 0
2023/07/09-13:29:41.104598 3a8c                      Options.wal_bytes_per_sync: 0
2023/07/09-13:29:41.104605 3a8c                   Options.strict_bytes_per_sync: 0
2023/07/09-13:29:41.104612 3a8c       Options.compaction_readahead_size: 0
2023/07/09-13:29:41.104619 3a8c                  Options.max_background_flushes: -1
2023/07/09-13:29:41.104626 3a8c Compression algorithms supported:
2023/07/09-13:29:41.104634 3a8c 	kZSTD supported: 1
2023/07/09-13:29:41.104670 3a8c 	kSnappyCompression supported: 1
2023/07/09-13:29:41.104679 3a8c 	kBZip2Compression supported: 0
2023/07/09-13:29:41.104687 3a8c 	kZlibCompression supported: 1
2023/07/09-13:29:41.104694 3a8c 	kLZ4Compression supported: 1
2023/07/09-13:29:41.104701 3a8c 	kXpressCompression supported: 0
2023/07/09-13:29:41.104708 3a8c 	kLZ4HCCompression supported: 1
2023/07/09-13:29:41.104715 3a8c 	kZSTDNotFinalCompression supported: 1
2023/07/09-13:29:41.104723 3a8c Fast CRC32 supported: Not supported on x86
2023/07/09-13:29:41.104729 3a8c DMutex implementation: std::mutex
2023/07/09-13:29:41.160049 3a8c [WARN] [db\db_impl\db_impl_open.cc:2055] DB::Open() failed: Corruption: CURRENT file corrupted
2023/07/09-13:29:41.160069 3a8c [db\db_impl\db_impl.cc:480] Shutdown: canceling all background work
2023/07/09-13:29:41.160163 3a8c [db\db_impl\db_impl.cc:710] Shutdown complete
