2023/07/09-13:29:41.164304 52a0 RocksDB version: 7.4.5
2023/07/09-13:29:41.164394 52a0 Git sha e072c129d57a0883370034cecf6774c745c40f76
2023/07/09-13:29:41.164415 52a0 Compile date 2022-08-15 17:16:22
2023/07/09-13:29:41.164430 52a0 DB SUMMARY
2023/07/09-13:29:41.164444 52a0 DB Session ID:  B39RAD6MD26O8CZNPG5S
2023/07/09-13:29:41.195521 52a0 CURRENT file:  CURRENT
2023/07/09-13:29:41.195551 52a0 IDENTITY file:  IDENTITY
2023/07/09-13:29:41.195635 52a0 MANIFEST file:  MANIFEST-000057 size: 731 Bytes
2023/07/09-13:29:41.195654 52a0 SST files in C:\Users\sschneider\Github\siteSync\sparkplug\hivemq-ce-2023.3\hivemq-ce-2023.3\data\persistence\retained_messages\040500_R\retained_messages_37 dir, Total Num: 6, files: 000016.sst 000029.sst 000034.sst 000039.sst 000046.sst 000055.sst 
2023/07/09-13:29:41.195757 52a0 Write Ahead Log file in C:\Users\sschneider\Github\siteSync\sparkplug\hivemq-ce-2023.3\hivemq-ce-2023.3\data\persistence\retained_messages\040500_R\retained_messages_37: 000056.log size: 5097 ; 
2023/07/09-13:29:41.195769 52a0                         Options.error_if_exists: 0
2023/07/09-13:29:41.195776 52a0                       Options.create_if_missing: 1
2023/07/09-13:29:41.195784 52a0                         Options.paranoid_checks: 1
2023/07/09-13:29:41.195790 52a0             Options.flush_verify_memtable_count: 1
2023/07/09-13:29:41.195797 52a0                               Options.track_and_verify_wals_in_manifest: 0
2023/07/09-13:29:41.195803 52a0        Options.verify_sst_unique_id_in_manifest: 0
2023/07/09-13:29:41.195810 52a0                                     Options.env: 000002596DCCE060
2023/07/09-13:29:41.195817 52a0                                      Options.fs: WinFS
2023/07/09-13:29:41.195824 52a0                                Options.info_log: 000002596F7F8330
2023/07/09-13:29:41.195830 52a0                Options.max_file_opening_threads: 16
2023/07/09-13:29:41.195837 52a0                              Options.statistics: 000002596F276780
2023/07/09-13:29:41.195843 52a0                               Options.use_fsync: 0
2023/07/09-13:29:41.195851 52a0                       Options.max_log_file_size: 512000
2023/07/09-13:29:41.195857 52a0                  Options.max_manifest_file_size: 1073741824
2023/07/09-13:29:41.195864 52a0                   Options.log_file_time_to_roll: 0
2023/07/09-13:29:41.195871 52a0                       Options.keep_log_file_num: 2
2023/07/09-13:29:41.195879 52a0                    Options.recycle_log_file_num: 0
2023/07/09-13:29:41.195889 52a0                         Options.allow_fallocate: 1
2023/07/09-13:29:41.195896 52a0                        Options.allow_mmap_reads: 0
2023/07/09-13:29:41.195902 52a0                       Options.allow_mmap_writes: 0
2023/07/09-13:29:41.195908 52a0                        Options.use_direct_reads: 0
2023/07/09-13:29:41.195915 52a0                        Options.use_direct_io_for_flush_and_compaction: 0
2023/07/09-13:29:41.195921 52a0          Options.create_missing_column_families: 0
2023/07/09-13:29:41.195927 52a0                              Options.db_log_dir: 
2023/07/09-13:29:41.195933 52a0                                 Options.wal_dir: 
2023/07/09-13:29:41.195939 52a0                Options.table_cache_numshardbits: 6
2023/07/09-13:29:41.195946 52a0                         Options.WAL_ttl_seconds: 0
2023/07/09-13:29:41.195952 52a0                       Options.WAL_size_limit_MB: 0
2023/07/09-13:29:41.195959 52a0                        Options.max_write_batch_group_size_bytes: 1048576
2023/07/09-13:29:41.195966 52a0             Options.manifest_preallocation_size: 4194304
2023/07/09-13:29:41.195972 52a0                     Options.is_fd_close_on_exec: 1
2023/07/09-13:29:41.195979 52a0                   Options.advise_random_on_open: 1
2023/07/09-13:29:41.195987 52a0                   Options.experimental_mempurge_threshold: 0.000000
2023/07/09-13:29:41.195995 52a0                    Options.db_write_buffer_size: 0
2023/07/09-13:29:41.196003 52a0                    Options.write_buffer_manager: 000002596F8E2700
2023/07/09-13:29:41.196011 52a0         Options.access_hint_on_compaction_start: 1
2023/07/09-13:29:41.196040 52a0           Options.random_access_max_buffer_size: 1048576
2023/07/09-13:29:41.196048 52a0                      Options.use_adaptive_mutex: 0
2023/07/09-13:29:41.196054 52a0                            Options.rate_limiter: 0000000000000000
2023/07/09-13:29:41.196061 52a0     Options.sst_file_manager.rate_bytes_per_sec: 0
2023/07/09-13:29:41.196068 52a0                       Options.wal_recovery_mode: 2
2023/07/09-13:29:41.196074 52a0                  Options.enable_thread_tracking: 0
2023/07/09-13:29:41.196080 52a0                  Options.enable_pipelined_write: 0
2023/07/09-13:29:41.196086 52a0                  Options.unordered_write: 0
2023/07/09-13:29:41.196092 52a0         Options.allow_concurrent_memtable_write: 1
2023/07/09-13:29:41.196100 52a0      Options.enable_write_thread_adaptive_yield: 1
2023/07/09-13:29:41.196107 52a0             Options.write_thread_max_yield_usec: 100
2023/07/09-13:29:41.196114 52a0            Options.write_thread_slow_yield_usec: 3
2023/07/09-13:29:41.196121 52a0                               Options.row_cache: None
2023/07/09-13:29:41.196128 52a0                              Options.wal_filter: None
2023/07/09-13:29:41.196135 52a0             Options.avoid_flush_during_recovery: 0
2023/07/09-13:29:41.196142 52a0             Options.allow_ingest_behind: 0
2023/07/09-13:29:41.196148 52a0             Options.two_write_queues: 0
2023/07/09-13:29:41.196154 52a0             Options.manual_wal_flush: 0
2023/07/09-13:29:41.196161 52a0             Options.wal_compression: 0
2023/07/09-13:29:41.196167 52a0             Options.atomic_flush: 0
2023/07/09-13:29:41.196174 52a0             Options.avoid_unnecessary_blocking_io: 0
2023/07/09-13:29:41.196182 52a0                 Options.persist_stats_to_disk: 0
2023/07/09-13:29:41.196188 52a0                 Options.write_dbid_to_manifest: 0
2023/07/09-13:29:41.196194 52a0                 Options.log_readahead_size: 0
2023/07/09-13:29:41.196201 52a0                 Options.file_checksum_gen_factory: Unknown
2023/07/09-13:29:41.196207 52a0                 Options.best_efforts_recovery: 0
2023/07/09-13:29:41.196214 52a0                Options.max_bgerror_resume_count: 2147483647
2023/07/09-13:29:41.196220 52a0            Options.bgerror_resume_retry_interval: 1000000
2023/07/09-13:29:41.196226 52a0             Options.allow_data_in_errors: 0
2023/07/09-13:29:41.196233 52a0             Options.db_host_id: __hostname__
2023/07/09-13:29:41.196239 52a0             Options.enforce_single_del_contracts: true
2023/07/09-13:29:41.196245 52a0             Options.max_background_jobs: 2
2023/07/09-13:29:41.196251 52a0             Options.max_background_compactions: -1
2023/07/09-13:29:41.196258 52a0             Options.max_subcompactions: 1
2023/07/09-13:29:41.196264 52a0             Options.avoid_flush_during_shutdown: 0
2023/07/09-13:29:41.196271 52a0           Options.writable_file_max_buffer_size: 1048576
2023/07/09-13:29:41.196279 52a0             Options.delayed_write_rate : 16777216
2023/07/09-13:29:41.196285 52a0             Options.max_total_wal_size: 0
2023/07/09-13:29:41.196292 52a0             Options.delete_obsolete_files_period_micros: 21600000000
2023/07/09-13:29:41.196298 52a0                   Options.stats_dump_period_sec: 0
2023/07/09-13:29:41.196304 52a0                 Options.stats_persist_period_sec: 0
2023/07/09-13:29:41.196310 52a0                 Options.stats_history_buffer_size: 65536
2023/07/09-13:29:41.196316 52a0                          Options.max_open_files: -1
2023/07/09-13:29:41.196323 52a0                          Options.bytes_per_sync: 0
2023/07/09-13:29:41.196329 52a0                      Options.wal_bytes_per_sync: 0
2023/07/09-13:29:41.196335 52a0                   Options.strict_bytes_per_sync: 0
2023/07/09-13:29:41.196342 52a0       Options.compaction_readahead_size: 0
2023/07/09-13:29:41.196348 52a0                  Options.max_background_flushes: -1
2023/07/09-13:29:41.196354 52a0 Compression algorithms supported:
2023/07/09-13:29:41.196361 52a0 	kZSTD supported: 1
2023/07/09-13:29:41.196384 52a0 	kSnappyCompression supported: 1
2023/07/09-13:29:41.196392 52a0 	kBZip2Compression supported: 0
2023/07/09-13:29:41.196399 52a0 	kZlibCompression supported: 1
2023/07/09-13:29:41.196406 52a0 	kLZ4Compression supported: 1
2023/07/09-13:29:41.196413 52a0 	kXpressCompression supported: 0
2023/07/09-13:29:41.196419 52a0 	kLZ4HCCompression supported: 1
2023/07/09-13:29:41.196425 52a0 	kZSTDNotFinalCompression supported: 1
2023/07/09-13:29:41.196432 52a0 Fast CRC32 supported: Not supported on x86
2023/07/09-13:29:41.196439 52a0 DMutex implementation: std::mutex
2023/07/09-13:29:41.211479 52a0 [WARN] [db\db_impl\db_impl_open.cc:2055] DB::Open() failed: Corruption: CURRENT file corrupted
2023/07/09-13:29:41.211497 52a0 [db\db_impl\db_impl.cc:480] Shutdown: canceling all background work
2023/07/09-13:29:41.211555 52a0 [db\db_impl\db_impl.cc:710] Shutdown complete
