2023/07/09-13:29:41.037575 3cac RocksDB version: 7.4.5
2023/07/09-13:29:41.037653 3cac Git sha e072c129d57a0883370034cecf6774c745c40f76
2023/07/09-13:29:41.037674 3cac Compile date 2022-08-15 17:16:22
2023/07/09-13:29:41.037692 3cac DB SUMMARY
2023/07/09-13:29:41.037708 3cac DB Session ID:  B39RAD6MD26O8CZNPG8S
2023/07/09-13:29:41.053738 3cac CURRENT file:  CURRENT
2023/07/09-13:29:41.053778 3cac IDENTITY file:  IDENTITY
2023/07/09-13:29:41.054147 3cac MANIFEST file:  MANIFEST-000050 size: 170 Bytes
2023/07/09-13:29:41.054202 3cac SST files in C:\Users\sschneider\Github\siteSync\sparkplug\hivemq-ce-2023.3\hivemq-ce-2023.3\data\persistence\publish_payload_store\040500_R\publish_payload_store_32 dir, Total Num: 1, files: 000048.sst 
2023/07/09-13:29:41.054244 3cac Write Ahead Log file in C:\Users\sschneider\Github\siteSync\sparkplug\hivemq-ce-2023.3\hivemq-ce-2023.3\data\persistence\publish_payload_store\040500_R\publish_payload_store_32: 000049.log size: 89 ; 
2023/07/09-13:29:41.054415 3cac                         Options.error_if_exists: 0
2023/07/09-13:29:41.054459 3cac                       Options.create_if_missing: 1
2023/07/09-13:29:41.054476 3cac                         Options.paranoid_checks: 1
2023/07/09-13:29:41.054486 3cac             Options.flush_verify_memtable_count: 1
2023/07/09-13:29:41.054495 3cac                               Options.track_and_verify_wals_in_manifest: 0
2023/07/09-13:29:41.054503 3cac        Options.verify_sst_unique_id_in_manifest: 0
2023/07/09-13:29:41.054512 3cac                                     Options.env: 000002596DCCE060
2023/07/09-13:29:41.054521 3cac                                      Options.fs: WinFS
2023/07/09-13:29:41.054529 3cac                                Options.info_log: 000002596F7FB530
2023/07/09-13:29:41.054538 3cac                Options.max_file_opening_threads: 16
2023/07/09-13:29:41.054546 3cac                              Options.statistics: 000002596D61CAE0
2023/07/09-13:29:41.054554 3cac                               Options.use_fsync: 0
2023/07/09-13:29:41.054564 3cac                       Options.max_log_file_size: 512000
2023/07/09-13:29:41.054572 3cac                  Options.max_manifest_file_size: 1073741824
2023/07/09-13:29:41.054580 3cac                   Options.log_file_time_to_roll: 0
2023/07/09-13:29:41.054589 3cac                       Options.keep_log_file_num: 2
2023/07/09-13:29:41.054597 3cac                    Options.recycle_log_file_num: 0
2023/07/09-13:29:41.054606 3cac                         Options.allow_fallocate: 1
2023/07/09-13:29:41.054615 3cac                        Options.allow_mmap_reads: 0
2023/07/09-13:29:41.054625 3cac                       Options.allow_mmap_writes: 0
2023/07/09-13:29:41.054633 3cac                        Options.use_direct_reads: 0
2023/07/09-13:29:41.054644 3cac                        Options.use_direct_io_for_flush_and_compaction: 0
2023/07/09-13:29:41.054654 3cac          Options.create_missing_column_families: 0
2023/07/09-13:29:41.054663 3cac                              Options.db_log_dir: 
2023/07/09-13:29:41.054671 3cac                                 Options.wal_dir: 
2023/07/09-13:29:41.054679 3cac                Options.table_cache_numshardbits: 6
2023/07/09-13:29:41.054687 3cac                         Options.WAL_ttl_seconds: 0
2023/07/09-13:29:41.054696 3cac                       Options.WAL_size_limit_MB: 0
2023/07/09-13:29:41.054707 3cac                        Options.max_write_batch_group_size_bytes: 1048576
2023/07/09-13:29:41.054714 3cac             Options.manifest_preallocation_size: 4194304
2023/07/09-13:29:41.054721 3cac                     Options.is_fd_close_on_exec: 1
2023/07/09-13:29:41.054730 3cac                   Options.advise_random_on_open: 1
2023/07/09-13:29:41.054739 3cac                   Options.experimental_mempurge_threshold: 0.000000
2023/07/09-13:29:41.054753 3cac                    Options.db_write_buffer_size: 0
2023/07/09-13:29:41.054764 3cac                    Options.write_buffer_manager: 000002596F1E70D0
2023/07/09-13:29:41.054775 3cac         Options.access_hint_on_compaction_start: 1
2023/07/09-13:29:41.054813 3cac           Options.random_access_max_buffer_size: 1048576
2023/07/09-13:29:41.054824 3cac                      Options.use_adaptive_mutex: 0
2023/07/09-13:29:41.054833 3cac                            Options.rate_limiter: 0000000000000000
2023/07/09-13:29:41.054844 3cac     Options.sst_file_manager.rate_bytes_per_sec: 0
2023/07/09-13:29:41.054852 3cac                       Options.wal_recovery_mode: 2
2023/07/09-13:29:41.054861 3cac                  Options.enable_thread_tracking: 0
2023/07/09-13:29:41.054871 3cac                  Options.enable_pipelined_write: 0
2023/07/09-13:29:41.054878 3cac                  Options.unordered_write: 0
2023/07/09-13:29:41.054884 3cac         Options.allow_concurrent_memtable_write: 1
2023/07/09-13:29:41.054891 3cac      Options.enable_write_thread_adaptive_yield: 1
2023/07/09-13:29:41.054898 3cac             Options.write_thread_max_yield_usec: 100
2023/07/09-13:29:41.054904 3cac            Options.write_thread_slow_yield_usec: 3
2023/07/09-13:29:41.054911 3cac                               Options.row_cache: None
2023/07/09-13:29:41.054918 3cac                              Options.wal_filter: None
2023/07/09-13:29:41.054927 3cac             Options.avoid_flush_during_recovery: 0
2023/07/09-13:29:41.054937 3cac             Options.allow_ingest_behind: 0
2023/07/09-13:29:41.054947 3cac             Options.two_write_queues: 0
2023/07/09-13:29:41.054955 3cac             Options.manual_wal_flush: 0
2023/07/09-13:29:41.054962 3cac             Options.wal_compression: 0
2023/07/09-13:29:41.054969 3cac             Options.atomic_flush: 0
2023/07/09-13:29:41.054978 3cac             Options.avoid_unnecessary_blocking_io: 0
2023/07/09-13:29:41.054987 3cac                 Options.persist_stats_to_disk: 0
2023/07/09-13:29:41.054996 3cac                 Options.write_dbid_to_manifest: 0
2023/07/09-13:29:41.055005 3cac                 Options.log_readahead_size: 0
2023/07/09-13:29:41.055012 3cac                 Options.file_checksum_gen_factory: Unknown
2023/07/09-13:29:41.055019 3cac                 Options.best_efforts_recovery: 0
2023/07/09-13:29:41.055026 3cac                Options.max_bgerror_resume_count: 2147483647
2023/07/09-13:29:41.055035 3cac            Options.bgerror_resume_retry_interval: 1000000
2023/07/09-13:29:41.055043 3cac             Options.allow_data_in_errors: 0
2023/07/09-13:29:41.055049 3cac             Options.db_host_id: __hostname__
2023/07/09-13:29:41.055057 3cac             Options.enforce_single_del_contracts: true
2023/07/09-13:29:41.055065 3cac             Options.max_background_jobs: 2
2023/07/09-13:29:41.055072 3cac             Options.max_background_compactions: -1
2023/07/09-13:29:41.055080 3cac             Options.max_subcompactions: 1
2023/07/09-13:29:41.055088 3cac             Options.avoid_flush_during_shutdown: 0
2023/07/09-13:29:41.055095 3cac           Options.writable_file_max_buffer_size: 1048576
2023/07/09-13:29:41.055103 3cac             Options.delayed_write_rate : 16777216
2023/07/09-13:29:41.055110 3cac             Options.max_total_wal_size: 0
2023/07/09-13:29:41.055117 3cac             Options.delete_obsolete_files_period_micros: 21600000000
2023/07/09-13:29:41.055126 3cac                   Options.stats_dump_period_sec: 0
2023/07/09-13:29:41.055134 3cac                 Options.stats_persist_period_sec: 0
2023/07/09-13:29:41.055141 3cac                 Options.stats_history_buffer_size: 65536
2023/07/09-13:29:41.055149 3cac                          Options.max_open_files: -1
2023/07/09-13:29:41.055157 3cac                          Options.bytes_per_sync: 0
2023/07/09-13:29:41.055166 3cac                      Options.wal_bytes_per_sync: 0
2023/07/09-13:29:41.055174 3cac                   Options.strict_bytes_per_sync: 0
2023/07/09-13:29:41.055181 3cac       Options.compaction_readahead_size: 0
2023/07/09-13:29:41.055189 3cac                  Options.max_background_flushes: -1
2023/07/09-13:29:41.055196 3cac Compression algorithms supported:
2023/07/09-13:29:41.055203 3cac 	kZSTD supported: 1
2023/07/09-13:29:41.055231 3cac 	kSnappyCompression supported: 1
2023/07/09-13:29:41.055239 3cac 	kBZip2Compression supported: 0
2023/07/09-13:29:41.055245 3cac 	kZlibCompression supported: 1
2023/07/09-13:29:41.055253 3cac 	kLZ4Compression supported: 1
2023/07/09-13:29:41.055260 3cac 	kXpressCompression supported: 0
2023/07/09-13:29:41.055268 3cac 	kLZ4HCCompression supported: 1
2023/07/09-13:29:41.055274 3cac 	kZSTDNotFinalCompression supported: 1
2023/07/09-13:29:41.055281 3cac Fast CRC32 supported: Not supported on x86
2023/07/09-13:29:41.055289 3cac DMutex implementation: std::mutex
2023/07/09-13:29:41.097278 3cac [WARN] [db\db_impl\db_impl_open.cc:2055] DB::Open() failed: Corruption: CURRENT file corrupted
2023/07/09-13:29:41.097293 3cac [db\db_impl\db_impl.cc:480] Shutdown: canceling all background work
2023/07/09-13:29:41.097351 3cac [db\db_impl\db_impl.cc:710] Shutdown complete
