2023/07/09-13:29:41.045226 4ed0 RocksDB version: 7.4.5
2023/07/09-13:29:41.045318 4ed0 Git sha e072c129d57a0883370034cecf6774c745c40f76
2023/07/09-13:29:41.045351 4ed0 Compile date 2022-08-15 17:16:22
2023/07/09-13:29:41.045370 4ed0 DB SUMMARY
2023/07/09-13:29:41.045387 4ed0 DB Session ID:  B39RAD6MD26O8CZNPG5M
2023/07/09-13:29:41.097084 4ed0 CURRENT file:  CURRENT
2023/07/09-13:29:41.097117 4ed0 IDENTITY file:  IDENTITY
2023/07/09-13:29:41.097193 4ed0 MANIFEST file:  MANIFEST-000050 size: 170 Bytes
2023/07/09-13:29:41.097233 4ed0 SST files in C:\Users\sschneider\Github\siteSync\sparkplug\hivemq-ce-2023.3\hivemq-ce-2023.3\data\persistence\publish_payload_store\040500_R\publish_payload_store_50 dir, Total Num: 1, files: 000048.sst 
2023/07/09-13:29:41.097257 4ed0 Write Ahead Log file in C:\Users\sschneider\Github\siteSync\sparkplug\hivemq-ce-2023.3\hivemq-ce-2023.3\data\persistence\publish_payload_store\040500_R\publish_payload_store_50: 000049.log size: 89 ; 
2023/07/09-13:29:41.097407 4ed0                         Options.error_if_exists: 0
2023/07/09-13:29:41.097424 4ed0                       Options.create_if_missing: 1
2023/07/09-13:29:41.097433 4ed0                         Options.paranoid_checks: 1
2023/07/09-13:29:41.097441 4ed0             Options.flush_verify_memtable_count: 1
2023/07/09-13:29:41.097449 4ed0                               Options.track_and_verify_wals_in_manifest: 0
2023/07/09-13:29:41.097456 4ed0        Options.verify_sst_unique_id_in_manifest: 0
2023/07/09-13:29:41.097464 4ed0                                     Options.env: 000002596DCCE060
2023/07/09-13:29:41.097471 4ed0                                      Options.fs: WinFS
2023/07/09-13:29:41.097478 4ed0                                Options.info_log: 000002596F7F7430
2023/07/09-13:29:41.097485 4ed0                Options.max_file_opening_threads: 16
2023/07/09-13:29:41.097492 4ed0                              Options.statistics: 000002596D61CAE0
2023/07/09-13:29:41.097499 4ed0                               Options.use_fsync: 0
2023/07/09-13:29:41.097505 4ed0                       Options.max_log_file_size: 512000
2023/07/09-13:29:41.097512 4ed0                  Options.max_manifest_file_size: 1073741824
2023/07/09-13:29:41.097519 4ed0                   Options.log_file_time_to_roll: 0
2023/07/09-13:29:41.097525 4ed0                       Options.keep_log_file_num: 2
2023/07/09-13:29:41.097532 4ed0                    Options.recycle_log_file_num: 0
2023/07/09-13:29:41.097539 4ed0                         Options.allow_fallocate: 1
2023/07/09-13:29:41.097546 4ed0                        Options.allow_mmap_reads: 0
2023/07/09-13:29:41.097552 4ed0                       Options.allow_mmap_writes: 0
2023/07/09-13:29:41.097559 4ed0                        Options.use_direct_reads: 0
2023/07/09-13:29:41.097566 4ed0                        Options.use_direct_io_for_flush_and_compaction: 0
2023/07/09-13:29:41.097572 4ed0          Options.create_missing_column_families: 0
2023/07/09-13:29:41.097580 4ed0                              Options.db_log_dir: 
2023/07/09-13:29:41.097588 4ed0                                 Options.wal_dir: 
2023/07/09-13:29:41.097595 4ed0                Options.table_cache_numshardbits: 6
2023/07/09-13:29:41.097602 4ed0                         Options.WAL_ttl_seconds: 0
2023/07/09-13:29:41.097609 4ed0                       Options.WAL_size_limit_MB: 0
2023/07/09-13:29:41.097616 4ed0                        Options.max_write_batch_group_size_bytes: 1048576
2023/07/09-13:29:41.097623 4ed0             Options.manifest_preallocation_size: 4194304
2023/07/09-13:29:41.097629 4ed0                     Options.is_fd_close_on_exec: 1
2023/07/09-13:29:41.097636 4ed0                   Options.advise_random_on_open: 1
2023/07/09-13:29:41.097645 4ed0                   Options.experimental_mempurge_threshold: 0.000000
2023/07/09-13:29:41.097652 4ed0                    Options.db_write_buffer_size: 0
2023/07/09-13:29:41.097659 4ed0                    Options.write_buffer_manager: 000002596F4ECD70
2023/07/09-13:29:41.097666 4ed0         Options.access_hint_on_compaction_start: 1
2023/07/09-13:29:41.097697 4ed0           Options.random_access_max_buffer_size: 1048576
2023/07/09-13:29:41.097705 4ed0                      Options.use_adaptive_mutex: 0
2023/07/09-13:29:41.097712 4ed0                            Options.rate_limiter: 0000000000000000
2023/07/09-13:29:41.097719 4ed0     Options.sst_file_manager.rate_bytes_per_sec: 0
2023/07/09-13:29:41.097725 4ed0                       Options.wal_recovery_mode: 2
2023/07/09-13:29:41.097732 4ed0                  Options.enable_thread_tracking: 0
2023/07/09-13:29:41.097738 4ed0                  Options.enable_pipelined_write: 0
2023/07/09-13:29:41.097745 4ed0                  Options.unordered_write: 0
2023/07/09-13:29:41.097751 4ed0         Options.allow_concurrent_memtable_write: 1
2023/07/09-13:29:41.097757 4ed0      Options.enable_write_thread_adaptive_yield: 1
2023/07/09-13:29:41.097764 4ed0             Options.write_thread_max_yield_usec: 100
2023/07/09-13:29:41.097770 4ed0            Options.write_thread_slow_yield_usec: 3
2023/07/09-13:29:41.097777 4ed0                               Options.row_cache: None
2023/07/09-13:29:41.097784 4ed0                              Options.wal_filter: None
2023/07/09-13:29:41.097791 4ed0             Options.avoid_flush_during_recovery: 0
2023/07/09-13:29:41.097797 4ed0             Options.allow_ingest_behind: 0
2023/07/09-13:29:41.097804 4ed0             Options.two_write_queues: 0
2023/07/09-13:29:41.097810 4ed0             Options.manual_wal_flush: 0
2023/07/09-13:29:41.097816 4ed0             Options.wal_compression: 0
2023/07/09-13:29:41.097823 4ed0             Options.atomic_flush: 0
2023/07/09-13:29:41.097830 4ed0             Options.avoid_unnecessary_blocking_io: 0
2023/07/09-13:29:41.097836 4ed0                 Options.persist_stats_to_disk: 0
2023/07/09-13:29:41.097843 4ed0                 Options.write_dbid_to_manifest: 0
2023/07/09-13:29:41.097850 4ed0                 Options.log_readahead_size: 0
2023/07/09-13:29:41.097856 4ed0                 Options.file_checksum_gen_factory: Unknown
2023/07/09-13:29:41.097863 4ed0                 Options.best_efforts_recovery: 0
2023/07/09-13:29:41.097870 4ed0                Options.max_bgerror_resume_count: 2147483647
2023/07/09-13:29:41.097876 4ed0            Options.bgerror_resume_retry_interval: 1000000
2023/07/09-13:29:41.097883 4ed0             Options.allow_data_in_errors: 0
2023/07/09-13:29:41.097890 4ed0             Options.db_host_id: __hostname__
2023/07/09-13:29:41.097897 4ed0             Options.enforce_single_del_contracts: true
2023/07/09-13:29:41.097904 4ed0             Options.max_background_jobs: 2
2023/07/09-13:29:41.097910 4ed0             Options.max_background_compactions: -1
2023/07/09-13:29:41.097919 4ed0             Options.max_subcompactions: 1
2023/07/09-13:29:41.097928 4ed0             Options.avoid_flush_during_shutdown: 0
2023/07/09-13:29:41.097936 4ed0           Options.writable_file_max_buffer_size: 1048576
2023/07/09-13:29:41.097945 4ed0             Options.delayed_write_rate : 16777216
2023/07/09-13:29:41.097954 4ed0             Options.max_total_wal_size: 0
2023/07/09-13:29:41.097963 4ed0             Options.delete_obsolete_files_period_micros: 21600000000
2023/07/09-13:29:41.097971 4ed0                   Options.stats_dump_period_sec: 0
2023/07/09-13:29:41.097980 4ed0                 Options.stats_persist_period_sec: 0
2023/07/09-13:29:41.097990 4ed0                 Options.stats_history_buffer_size: 65536
2023/07/09-13:29:41.098000 4ed0                          Options.max_open_files: -1
2023/07/09-13:29:41.098009 4ed0                          Options.bytes_per_sync: 0
2023/07/09-13:29:41.098018 4ed0                      Options.wal_bytes_per_sync: 0
2023/07/09-13:29:41.098027 4ed0                   Options.strict_bytes_per_sync: 0
2023/07/09-13:29:41.098037 4ed0       Options.compaction_readahead_size: 0
2023/07/09-13:29:41.098048 4ed0                  Options.max_background_flushes: -1
2023/07/09-13:29:41.098056 4ed0 Compression algorithms supported:
2023/07/09-13:29:41.098064 4ed0 	kZSTD supported: 1
2023/07/09-13:29:41.098090 4ed0 	kSnappyCompression supported: 1
2023/07/09-13:29:41.098098 4ed0 	kBZip2Compression supported: 0
2023/07/09-13:29:41.098105 4ed0 	kZlibCompression supported: 1
2023/07/09-13:29:41.098112 4ed0 	kLZ4Compression supported: 1
2023/07/09-13:29:41.098119 4ed0 	kXpressCompression supported: 0
2023/07/09-13:29:41.098126 4ed0 	kLZ4HCCompression supported: 1
2023/07/09-13:29:41.098133 4ed0 	kZSTDNotFinalCompression supported: 1
2023/07/09-13:29:41.098140 4ed0 Fast CRC32 supported: Not supported on x86
2023/07/09-13:29:41.098147 4ed0 DMutex implementation: std::mutex
2023/07/09-13:29:41.144524 4ed0 [WARN] [db\db_impl\db_impl_open.cc:2055] DB::Open() failed: Corruption: CURRENT file corrupted
2023/07/09-13:29:41.144591 4ed0 [db\db_impl\db_impl.cc:480] Shutdown: canceling all background work
2023/07/09-13:29:41.144688 4ed0 [db\db_impl\db_impl.cc:710] Shutdown complete
