2023/07/09-13:29:41.043054 4f40 RocksDB version: 7.4.5
2023/07/09-13:29:41.043170 4f40 Git sha e072c129d57a0883370034cecf6774c745c40f76
2023/07/09-13:29:41.043196 4f40 Compile date 2022-08-15 17:16:22
2023/07/09-13:29:41.043214 4f40 DB SUMMARY
2023/07/09-13:29:41.043230 4f40 DB Session ID:  B39RAD6MD26O8CZNPG8N
2023/07/09-13:29:41.084815 4f40 CURRENT file:  CURRENT
2023/07/09-13:29:41.084847 4f40 IDENTITY file:  IDENTITY
2023/07/09-13:29:41.084940 4f40 MANIFEST file:  MANIFEST-000050 size: 170 Bytes
2023/07/09-13:29:41.084961 4f40 SST files in C:\Users\sschneider\Github\siteSync\sparkplug\hivemq-ce-2023.3\hivemq-ce-2023.3\data\persistence\publish_payload_store\040500_R\publish_payload_store_62 dir, Total Num: 1, files: 000048.sst 
2023/07/09-13:29:41.084976 4f40 Write Ahead Log file in C:\Users\sschneider\Github\siteSync\sparkplug\hivemq-ce-2023.3\hivemq-ce-2023.3\data\persistence\publish_payload_store\040500_R\publish_payload_store_62: 000049.log size: 328 ; 
2023/07/09-13:29:41.085103 4f40                         Options.error_if_exists: 0
2023/07/09-13:29:41.085127 4f40                       Options.create_if_missing: 1
2023/07/09-13:29:41.085144 4f40                         Options.paranoid_checks: 1
2023/07/09-13:29:41.085160 4f40             Options.flush_verify_memtable_count: 1
2023/07/09-13:29:41.085177 4f40                               Options.track_and_verify_wals_in_manifest: 0
2023/07/09-13:29:41.085193 4f40        Options.verify_sst_unique_id_in_manifest: 0
2023/07/09-13:29:41.085209 4f40                                     Options.env: 000002596DCCE060
2023/07/09-13:29:41.085225 4f40                                      Options.fs: WinFS
2023/07/09-13:29:41.085241 4f40                                Options.info_log: 000002596F7FADB0
2023/07/09-13:29:41.085256 4f40                Options.max_file_opening_threads: 16
2023/07/09-13:29:41.085271 4f40                              Options.statistics: 000002596D61CAE0
2023/07/09-13:29:41.085287 4f40                               Options.use_fsync: 0
2023/07/09-13:29:41.085302 4f40                       Options.max_log_file_size: 512000
2023/07/09-13:29:41.085318 4f40                  Options.max_manifest_file_size: 1073741824
2023/07/09-13:29:41.085333 4f40                   Options.log_file_time_to_roll: 0
2023/07/09-13:29:41.085347 4f40                       Options.keep_log_file_num: 2
2023/07/09-13:29:41.085361 4f40                    Options.recycle_log_file_num: 0
2023/07/09-13:29:41.085377 4f40                         Options.allow_fallocate: 1
2023/07/09-13:29:41.085392 4f40                        Options.allow_mmap_reads: 0
2023/07/09-13:29:41.085407 4f40                       Options.allow_mmap_writes: 0
2023/07/09-13:29:41.085424 4f40                        Options.use_direct_reads: 0
2023/07/09-13:29:41.085439 4f40                        Options.use_direct_io_for_flush_and_compaction: 0
2023/07/09-13:29:41.085455 4f40          Options.create_missing_column_families: 0
2023/07/09-13:29:41.085470 4f40                              Options.db_log_dir: 
2023/07/09-13:29:41.085485 4f40                                 Options.wal_dir: 
2023/07/09-13:29:41.085509 4f40                Options.table_cache_numshardbits: 6
2023/07/09-13:29:41.085527 4f40                         Options.WAL_ttl_seconds: 0
2023/07/09-13:29:41.085543 4f40                       Options.WAL_size_limit_MB: 0
2023/07/09-13:29:41.085559 4f40                        Options.max_write_batch_group_size_bytes: 1048576
2023/07/09-13:29:41.085618 4f40             Options.manifest_preallocation_size: 4194304
2023/07/09-13:29:41.085633 4f40                     Options.is_fd_close_on_exec: 1
2023/07/09-13:29:41.085645 4f40                   Options.advise_random_on_open: 1
2023/07/09-13:29:41.085654 4f40                   Options.experimental_mempurge_threshold: 0.000000
2023/07/09-13:29:41.085662 4f40                    Options.db_write_buffer_size: 0
2023/07/09-13:29:41.085670 4f40                    Options.write_buffer_manager: 000002596E1DBAC0
2023/07/09-13:29:41.085677 4f40         Options.access_hint_on_compaction_start: 1
2023/07/09-13:29:41.085707 4f40           Options.random_access_max_buffer_size: 1048576
2023/07/09-13:29:41.085716 4f40                      Options.use_adaptive_mutex: 0
2023/07/09-13:29:41.085724 4f40                            Options.rate_limiter: 0000000000000000
2023/07/09-13:29:41.085732 4f40     Options.sst_file_manager.rate_bytes_per_sec: 0
2023/07/09-13:29:41.085739 4f40                       Options.wal_recovery_mode: 2
2023/07/09-13:29:41.085746 4f40                  Options.enable_thread_tracking: 0
2023/07/09-13:29:41.085753 4f40                  Options.enable_pipelined_write: 0
2023/07/09-13:29:41.085759 4f40                  Options.unordered_write: 0
2023/07/09-13:29:41.085766 4f40         Options.allow_concurrent_memtable_write: 1
2023/07/09-13:29:41.085773 4f40      Options.enable_write_thread_adaptive_yield: 1
2023/07/09-13:29:41.085779 4f40             Options.write_thread_max_yield_usec: 100
2023/07/09-13:29:41.085786 4f40            Options.write_thread_slow_yield_usec: 3
2023/07/09-13:29:41.085793 4f40                               Options.row_cache: None
2023/07/09-13:29:41.085800 4f40                              Options.wal_filter: None
2023/07/09-13:29:41.085806 4f40             Options.avoid_flush_during_recovery: 0
2023/07/09-13:29:41.085813 4f40             Options.allow_ingest_behind: 0
2023/07/09-13:29:41.085820 4f40             Options.two_write_queues: 0
2023/07/09-13:29:41.085826 4f40             Options.manual_wal_flush: 0
2023/07/09-13:29:41.085833 4f40             Options.wal_compression: 0
2023/07/09-13:29:41.085839 4f40             Options.atomic_flush: 0
2023/07/09-13:29:41.085846 4f40             Options.avoid_unnecessary_blocking_io: 0
2023/07/09-13:29:41.085853 4f40                 Options.persist_stats_to_disk: 0
2023/07/09-13:29:41.085859 4f40                 Options.write_dbid_to_manifest: 0
2023/07/09-13:29:41.085866 4f40                 Options.log_readahead_size: 0
2023/07/09-13:29:41.085874 4f40                 Options.file_checksum_gen_factory: Unknown
2023/07/09-13:29:41.085884 4f40                 Options.best_efforts_recovery: 0
2023/07/09-13:29:41.085892 4f40                Options.max_bgerror_resume_count: 2147483647
2023/07/09-13:29:41.085901 4f40            Options.bgerror_resume_retry_interval: 1000000
2023/07/09-13:29:41.085909 4f40             Options.allow_data_in_errors: 0
2023/07/09-13:29:41.085917 4f40             Options.db_host_id: __hostname__
2023/07/09-13:29:41.085928 4f40             Options.enforce_single_del_contracts: true
2023/07/09-13:29:41.085938 4f40             Options.max_background_jobs: 2
2023/07/09-13:29:41.085947 4f40             Options.max_background_compactions: -1
2023/07/09-13:29:41.085957 4f40             Options.max_subcompactions: 1
2023/07/09-13:29:41.085964 4f40             Options.avoid_flush_during_shutdown: 0
2023/07/09-13:29:41.085971 4f40           Options.writable_file_max_buffer_size: 1048576
2023/07/09-13:29:41.085979 4f40             Options.delayed_write_rate : 16777216
2023/07/09-13:29:41.085989 4f40             Options.max_total_wal_size: 0
2023/07/09-13:29:41.086000 4f40             Options.delete_obsolete_files_period_micros: 21600000000
2023/07/09-13:29:41.086010 4f40                   Options.stats_dump_period_sec: 0
2023/07/09-13:29:41.086019 4f40                 Options.stats_persist_period_sec: 0
2023/07/09-13:29:41.086027 4f40                 Options.stats_history_buffer_size: 65536
2023/07/09-13:29:41.086035 4f40                          Options.max_open_files: -1
2023/07/09-13:29:41.086046 4f40                          Options.bytes_per_sync: 0
2023/07/09-13:29:41.086058 4f40                      Options.wal_bytes_per_sync: 0
2023/07/09-13:29:41.086069 4f40                   Options.strict_bytes_per_sync: 0
2023/07/09-13:29:41.086079 4f40       Options.compaction_readahead_size: 0
2023/07/09-13:29:41.086091 4f40                  Options.max_background_flushes: -1
2023/07/09-13:29:41.086103 4f40 Compression algorithms supported:
2023/07/09-13:29:41.086115 4f40 	kZSTD supported: 1
2023/07/09-13:29:41.086149 4f40 	kSnappyCompression supported: 1
2023/07/09-13:29:41.086161 4f40 	kBZip2Compression supported: 0
2023/07/09-13:29:41.086171 4f40 	kZlibCompression supported: 1
2023/07/09-13:29:41.086182 4f40 	kLZ4Compression supported: 1
2023/07/09-13:29:41.086194 4f40 	kXpressCompression supported: 0
2023/07/09-13:29:41.086205 4f40 	kLZ4HCCompression supported: 1
2023/07/09-13:29:41.086216 4f40 	kZSTDNotFinalCompression supported: 1
2023/07/09-13:29:41.086227 4f40 Fast CRC32 supported: Not supported on x86
2023/07/09-13:29:41.086238 4f40 DMutex implementation: std::mutex
2023/07/09-13:29:41.103533 4f40 [WARN] [db\db_impl\db_impl_open.cc:2055] DB::Open() failed: Corruption: CURRENT file corrupted
2023/07/09-13:29:41.103553 4f40 [db\db_impl\db_impl.cc:480] Shutdown: canceling all background work
2023/07/09-13:29:41.103634 4f40 [db\db_impl\db_impl.cc:710] Shutdown complete
