2023/07/09-13:29:41.125360 a30 RocksDB version: 7.4.5
2023/07/09-13:29:41.125516 a30 Git sha e072c129d57a0883370034cecf6774c745c40f76
2023/07/09-13:29:41.125567 a30 Compile date 2022-08-15 17:16:22
2023/07/09-13:29:41.125602 a30 DB SUMMARY
2023/07/09-13:29:41.125649 a30 DB Session ID:  B39RAD6MD26O8CZNPG5I
2023/07/09-13:29:41.204208 a30 CURRENT file:  CURRENT
2023/07/09-13:29:41.204239 a30 IDENTITY file:  IDENTITY
2023/07/09-13:29:41.204318 a30 MANIFEST file:  MANIFEST-000049 size: 74 Bytes
2023/07/09-13:29:41.204340 a30 SST files in C:\Users\sschneider\Github\siteSync\sparkplug\hivemq-ce-2023.3\hivemq-ce-2023.3\data\persistence\retained_messages\040500_R\retained_messages_6 dir, Total Num: 0, files: 
2023/07/09-13:29:41.204358 a30 Write Ahead Log file in C:\Users\sschneider\Github\siteSync\sparkplug\hivemq-ce-2023.3\hivemq-ce-2023.3\data\persistence\retained_messages\040500_R\retained_messages_6: 000004.log size: 969 ; 000008.log size: 19 ; 000012.log size: 304 ; 000016.log size: 19 ; 000020.log size: 0 ; 000024.log size: 38 ; 000028.log size: 76 ; 000032.log size: 0 ; 000036.log size: 589 ; 000040.log size: 0 ; 000044.log size: 2565 ; 000048.log size: 4845 ; 
2023/07/09-13:29:41.204453 a30                         Options.error_if_exists: 0
2023/07/09-13:29:41.204463 a30                       Options.create_if_missing: 1
2023/07/09-13:29:41.204471 a30                         Options.paranoid_checks: 1
2023/07/09-13:29:41.204479 a30             Options.flush_verify_memtable_count: 1
2023/07/09-13:29:41.204486 a30                               Options.track_and_verify_wals_in_manifest: 0
2023/07/09-13:29:41.204494 a30        Options.verify_sst_unique_id_in_manifest: 0
2023/07/09-13:29:41.204501 a30                                     Options.env: 000002596DCCE060
2023/07/09-13:29:41.204510 a30                                      Options.fs: WinFS
2023/07/09-13:29:41.204519 a30                                Options.info_log: 000002596F7FCBB0
2023/07/09-13:29:41.204526 a30                Options.max_file_opening_threads: 16
2023/07/09-13:29:41.204534 a30                              Options.statistics: 000002596F276780
2023/07/09-13:29:41.204541 a30                               Options.use_fsync: 0
2023/07/09-13:29:41.204548 a30                       Options.max_log_file_size: 512000
2023/07/09-13:29:41.204556 a30                  Options.max_manifest_file_size: 1073741824
2023/07/09-13:29:41.204563 a30                   Options.log_file_time_to_roll: 0
2023/07/09-13:29:41.204570 a30                       Options.keep_log_file_num: 2
2023/07/09-13:29:41.204578 a30                    Options.recycle_log_file_num: 0
2023/07/09-13:29:41.204585 a30                         Options.allow_fallocate: 1
2023/07/09-13:29:41.204593 a30                        Options.allow_mmap_reads: 0
2023/07/09-13:29:41.204601 a30                       Options.allow_mmap_writes: 0
2023/07/09-13:29:41.204608 a30                        Options.use_direct_reads: 0
2023/07/09-13:29:41.204615 a30                        Options.use_direct_io_for_flush_and_compaction: 0
2023/07/09-13:29:41.204623 a30          Options.create_missing_column_families: 0
2023/07/09-13:29:41.204630 a30                              Options.db_log_dir: 
2023/07/09-13:29:41.204638 a30                                 Options.wal_dir: 
2023/07/09-13:29:41.204645 a30                Options.table_cache_numshardbits: 6
2023/07/09-13:29:41.204653 a30                         Options.WAL_ttl_seconds: 0
2023/07/09-13:29:41.204661 a30                       Options.WAL_size_limit_MB: 0
2023/07/09-13:29:41.204669 a30                        Options.max_write_batch_group_size_bytes: 1048576
2023/07/09-13:29:41.204676 a30             Options.manifest_preallocation_size: 4194304
2023/07/09-13:29:41.204684 a30                     Options.is_fd_close_on_exec: 1
2023/07/09-13:29:41.204691 a30                   Options.advise_random_on_open: 1
2023/07/09-13:29:41.204700 a30                   Options.experimental_mempurge_threshold: 0.000000
2023/07/09-13:29:41.204708 a30                    Options.db_write_buffer_size: 0
2023/07/09-13:29:41.204738 a30                    Options.write_buffer_manager: 000002596F33C300
2023/07/09-13:29:41.204748 a30         Options.access_hint_on_compaction_start: 1
2023/07/09-13:29:41.204755 a30           Options.random_access_max_buffer_size: 1048576
2023/07/09-13:29:41.204762 a30                      Options.use_adaptive_mutex: 0
2023/07/09-13:29:41.204769 a30                            Options.rate_limiter: 0000000000000000
2023/07/09-13:29:41.204777 a30     Options.sst_file_manager.rate_bytes_per_sec: 0
2023/07/09-13:29:41.204785 a30                       Options.wal_recovery_mode: 2
2023/07/09-13:29:41.204792 a30                  Options.enable_thread_tracking: 0
2023/07/09-13:29:41.204799 a30                  Options.enable_pipelined_write: 0
2023/07/09-13:29:41.204806 a30                  Options.unordered_write: 0
2023/07/09-13:29:41.204814 a30         Options.allow_concurrent_memtable_write: 1
2023/07/09-13:29:41.204821 a30      Options.enable_write_thread_adaptive_yield: 1
2023/07/09-13:29:41.204829 a30             Options.write_thread_max_yield_usec: 100
2023/07/09-13:29:41.204836 a30            Options.write_thread_slow_yield_usec: 3
2023/07/09-13:29:41.204844 a30                               Options.row_cache: None
2023/07/09-13:29:41.204851 a30                              Options.wal_filter: None
2023/07/09-13:29:41.204858 a30             Options.avoid_flush_during_recovery: 0
2023/07/09-13:29:41.204866 a30             Options.allow_ingest_behind: 0
2023/07/09-13:29:41.204873 a30             Options.two_write_queues: 0
2023/07/09-13:29:41.204880 a30             Options.manual_wal_flush: 0
2023/07/09-13:29:41.204888 a30             Options.wal_compression: 0
2023/07/09-13:29:41.204895 a30             Options.atomic_flush: 0
2023/07/09-13:29:41.204902 a30             Options.avoid_unnecessary_blocking_io: 0
2023/07/09-13:29:41.204909 a30                 Options.persist_stats_to_disk: 0
2023/07/09-13:29:41.204916 a30                 Options.write_dbid_to_manifest: 0
2023/07/09-13:29:41.204924 a30                 Options.log_readahead_size: 0
2023/07/09-13:29:41.204931 a30                 Options.file_checksum_gen_factory: Unknown
2023/07/09-13:29:41.204938 a30                 Options.best_efforts_recovery: 0
2023/07/09-13:29:41.204945 a30                Options.max_bgerror_resume_count: 2147483647
2023/07/09-13:29:41.204953 a30            Options.bgerror_resume_retry_interval: 1000000
2023/07/09-13:29:41.204960 a30             Options.allow_data_in_errors: 0
2023/07/09-13:29:41.204968 a30             Options.db_host_id: __hostname__
2023/07/09-13:29:41.204975 a30             Options.enforce_single_del_contracts: true
2023/07/09-13:29:41.204983 a30             Options.max_background_jobs: 2
2023/07/09-13:29:41.204990 a30             Options.max_background_compactions: -1
2023/07/09-13:29:41.204998 a30             Options.max_subcompactions: 1
2023/07/09-13:29:41.205005 a30             Options.avoid_flush_during_shutdown: 0
2023/07/09-13:29:41.205013 a30           Options.writable_file_max_buffer_size: 1048576
2023/07/09-13:29:41.205020 a30             Options.delayed_write_rate : 16777216
2023/07/09-13:29:41.205028 a30             Options.max_total_wal_size: 0
2023/07/09-13:29:41.205036 a30             Options.delete_obsolete_files_period_micros: 21600000000
2023/07/09-13:29:41.205044 a30                   Options.stats_dump_period_sec: 0
2023/07/09-13:29:41.205051 a30                 Options.stats_persist_period_sec: 0
2023/07/09-13:29:41.205059 a30                 Options.stats_history_buffer_size: 65536
2023/07/09-13:29:41.205067 a30                          Options.max_open_files: -1
2023/07/09-13:29:41.205074 a30                          Options.bytes_per_sync: 0
2023/07/09-13:29:41.205082 a30                      Options.wal_bytes_per_sync: 0
2023/07/09-13:29:41.205090 a30                   Options.strict_bytes_per_sync: 0
2023/07/09-13:29:41.205097 a30       Options.compaction_readahead_size: 0
2023/07/09-13:29:41.205105 a30                  Options.max_background_flushes: -1
2023/07/09-13:29:41.205130 a30 Compression algorithms supported:
2023/07/09-13:29:41.205139 a30 	kZSTD supported: 1
2023/07/09-13:29:41.205147 a30 	kSnappyCompression supported: 1
2023/07/09-13:29:41.205155 a30 	kBZip2Compression supported: 0
2023/07/09-13:29:41.205162 a30 	kZlibCompression supported: 1
2023/07/09-13:29:41.205169 a30 	kLZ4Compression supported: 1
2023/07/09-13:29:41.205176 a30 	kXpressCompression supported: 0
2023/07/09-13:29:41.205184 a30 	kLZ4HCCompression supported: 1
2023/07/09-13:29:41.205191 a30 	kZSTDNotFinalCompression supported: 1
2023/07/09-13:29:41.205199 a30 Fast CRC32 supported: Not supported on x86
2023/07/09-13:29:41.205207 a30 DMutex implementation: std::mutex
2023/07/09-13:29:41.219688 a30 [WARN] [db\db_impl\db_impl_open.cc:2055] DB::Open() failed: Corruption: CURRENT file corrupted
2023/07/09-13:29:41.219707 a30 [db\db_impl\db_impl.cc:480] Shutdown: canceling all background work
2023/07/09-13:29:41.219775 a30 [db\db_impl\db_impl.cc:710] Shutdown complete
