2023/07/09-13:29:41.215989 3cb0 RocksDB version: 7.4.5
2023/07/09-13:29:41.216162 3cb0 Git sha e072c129d57a0883370034cecf6774c745c40f76
2023/07/09-13:29:41.216222 3cb0 Compile date 2022-08-15 17:16:22
2023/07/09-13:29:41.216260 3cb0 DB SUMMARY
2023/07/09-13:29:41.216293 3cb0 DB Session ID:  B39RAD6MD26O8CZNPG6R
2023/07/09-13:29:41.252617 3cb0 CURRENT file:  CURRENT
2023/07/09-13:29:41.252680 3cb0 IDENTITY file:  IDENTITY
2023/07/09-13:29:41.253672 3cb0 MANIFEST file:  MANIFEST-000049 size: 74 Bytes
2023/07/09-13:29:41.253740 3cb0 SST files in C:\Users\sschneider\Github\siteSync\sparkplug\hivemq-ce-2023.3\hivemq-ce-2023.3\data\persistence\retained_messages\040500_R\retained_messages_41 dir, Total Num: 0, files: 
2023/07/09-13:29:41.253789 3cb0 Write Ahead Log file in C:\Users\sschneider\Github\siteSync\sparkplug\hivemq-ce-2023.3\hivemq-ce-2023.3\data\persistence\retained_messages\040500_R\retained_messages_41: 000004.log size: 969 ; 000008.log size: 0 ; 000012.log size: 304 ; 000016.log size: 0 ; 000020.log size: 0 ; 000024.log size: 38 ; 000028.log size: 76 ; 000032.log size: 0 ; 000036.log size: 570 ; 000040.log size: 0 ; 000044.log size: 2546 ; 000048.log size: 4845 ; 
2023/07/09-13:29:41.254701 3cb0                         Options.error_if_exists: 0
2023/07/09-13:29:41.254734 3cb0                       Options.create_if_missing: 1
2023/07/09-13:29:41.254755 3cb0                         Options.paranoid_checks: 1
2023/07/09-13:29:41.254774 3cb0             Options.flush_verify_memtable_count: 1
2023/07/09-13:29:41.254793 3cb0                               Options.track_and_verify_wals_in_manifest: 0
2023/07/09-13:29:41.254813 3cb0        Options.verify_sst_unique_id_in_manifest: 0
2023/07/09-13:29:41.254831 3cb0                                     Options.env: 000002596DCCE060
2023/07/09-13:29:41.254849 3cb0                                      Options.fs: WinFS
2023/07/09-13:29:41.254866 3cb0                                Options.info_log: 000002596F69EDE0
2023/07/09-13:29:41.254885 3cb0                Options.max_file_opening_threads: 16
2023/07/09-13:29:41.254902 3cb0                              Options.statistics: 000002596F276780
2023/07/09-13:29:41.254924 3cb0                               Options.use_fsync: 0
2023/07/09-13:29:41.254947 3cb0                       Options.max_log_file_size: 512000
2023/07/09-13:29:41.254965 3cb0                  Options.max_manifest_file_size: 1073741824
2023/07/09-13:29:41.254984 3cb0                   Options.log_file_time_to_roll: 0
2023/07/09-13:29:41.255001 3cb0                       Options.keep_log_file_num: 2
2023/07/09-13:29:41.255019 3cb0                    Options.recycle_log_file_num: 0
2023/07/09-13:29:41.255037 3cb0                         Options.allow_fallocate: 1
2023/07/09-13:29:41.255056 3cb0                        Options.allow_mmap_reads: 0
2023/07/09-13:29:41.255074 3cb0                       Options.allow_mmap_writes: 0
2023/07/09-13:29:41.255092 3cb0                        Options.use_direct_reads: 0
2023/07/09-13:29:41.255111 3cb0                        Options.use_direct_io_for_flush_and_compaction: 0
2023/07/09-13:29:41.255128 3cb0          Options.create_missing_column_families: 0
2023/07/09-13:29:41.255144 3cb0                              Options.db_log_dir: 
2023/07/09-13:29:41.255163 3cb0                                 Options.wal_dir: 
2023/07/09-13:29:41.255181 3cb0                Options.table_cache_numshardbits: 6
2023/07/09-13:29:41.255199 3cb0                         Options.WAL_ttl_seconds: 0
2023/07/09-13:29:41.255217 3cb0                       Options.WAL_size_limit_MB: 0
2023/07/09-13:29:41.255234 3cb0                        Options.max_write_batch_group_size_bytes: 1048576
2023/07/09-13:29:41.255252 3cb0             Options.manifest_preallocation_size: 4194304
2023/07/09-13:29:41.255269 3cb0                     Options.is_fd_close_on_exec: 1
2023/07/09-13:29:41.255286 3cb0                   Options.advise_random_on_open: 1
2023/07/09-13:29:41.255305 3cb0                   Options.experimental_mempurge_threshold: 0.000000
2023/07/09-13:29:41.255322 3cb0                    Options.db_write_buffer_size: 0
2023/07/09-13:29:41.255393 3cb0                    Options.write_buffer_manager: 000002596F824FC0
2023/07/09-13:29:41.255417 3cb0         Options.access_hint_on_compaction_start: 1
2023/07/09-13:29:41.255434 3cb0           Options.random_access_max_buffer_size: 1048576
2023/07/09-13:29:41.255451 3cb0                      Options.use_adaptive_mutex: 0
2023/07/09-13:29:41.255468 3cb0                            Options.rate_limiter: 0000000000000000
2023/07/09-13:29:41.255486 3cb0     Options.sst_file_manager.rate_bytes_per_sec: 0
2023/07/09-13:29:41.255502 3cb0                       Options.wal_recovery_mode: 2
2023/07/09-13:29:41.255520 3cb0                  Options.enable_thread_tracking: 0
2023/07/09-13:29:41.255538 3cb0                  Options.enable_pipelined_write: 0
2023/07/09-13:29:41.255556 3cb0                  Options.unordered_write: 0
2023/07/09-13:29:41.255574 3cb0         Options.allow_concurrent_memtable_write: 1
2023/07/09-13:29:41.255592 3cb0      Options.enable_write_thread_adaptive_yield: 1
2023/07/09-13:29:41.255610 3cb0             Options.write_thread_max_yield_usec: 100
2023/07/09-13:29:41.255628 3cb0            Options.write_thread_slow_yield_usec: 3
2023/07/09-13:29:41.255645 3cb0                               Options.row_cache: None
2023/07/09-13:29:41.255662 3cb0                              Options.wal_filter: None
2023/07/09-13:29:41.255680 3cb0             Options.avoid_flush_during_recovery: 0
2023/07/09-13:29:41.255697 3cb0             Options.allow_ingest_behind: 0
2023/07/09-13:29:41.255715 3cb0             Options.two_write_queues: 0
2023/07/09-13:29:41.255733 3cb0             Options.manual_wal_flush: 0
2023/07/09-13:29:41.255749 3cb0             Options.wal_compression: 0
2023/07/09-13:29:41.255765 3cb0             Options.atomic_flush: 0
2023/07/09-13:29:41.255782 3cb0             Options.avoid_unnecessary_blocking_io: 0
2023/07/09-13:29:41.255802 3cb0                 Options.persist_stats_to_disk: 0
2023/07/09-13:29:41.255819 3cb0                 Options.write_dbid_to_manifest: 0
2023/07/09-13:29:41.255839 3cb0                 Options.log_readahead_size: 0
2023/07/09-13:29:41.255859 3cb0                 Options.file_checksum_gen_factory: Unknown
2023/07/09-13:29:41.255878 3cb0                 Options.best_efforts_recovery: 0
2023/07/09-13:29:41.255895 3cb0                Options.max_bgerror_resume_count: 2147483647
2023/07/09-13:29:41.255912 3cb0            Options.bgerror_resume_retry_interval: 1000000
2023/07/09-13:29:41.255929 3cb0             Options.allow_data_in_errors: 0
2023/07/09-13:29:41.255945 3cb0             Options.db_host_id: __hostname__
2023/07/09-13:29:41.255961 3cb0             Options.enforce_single_del_contracts: true
2023/07/09-13:29:41.255979 3cb0             Options.max_background_jobs: 2
2023/07/09-13:29:41.255995 3cb0             Options.max_background_compactions: -1
2023/07/09-13:29:41.256013 3cb0             Options.max_subcompactions: 1
2023/07/09-13:29:41.256030 3cb0             Options.avoid_flush_during_shutdown: 0
2023/07/09-13:29:41.256047 3cb0           Options.writable_file_max_buffer_size: 1048576
2023/07/09-13:29:41.256064 3cb0             Options.delayed_write_rate : 16777216
2023/07/09-13:29:41.256082 3cb0             Options.max_total_wal_size: 0
2023/07/09-13:29:41.256099 3cb0             Options.delete_obsolete_files_period_micros: 21600000000
2023/07/09-13:29:41.256116 3cb0                   Options.stats_dump_period_sec: 0
2023/07/09-13:29:41.256134 3cb0                 Options.stats_persist_period_sec: 0
2023/07/09-13:29:41.256151 3cb0                 Options.stats_history_buffer_size: 65536
2023/07/09-13:29:41.256167 3cb0                          Options.max_open_files: -1
2023/07/09-13:29:41.256184 3cb0                          Options.bytes_per_sync: 0
2023/07/09-13:29:41.256201 3cb0                      Options.wal_bytes_per_sync: 0
2023/07/09-13:29:41.256220 3cb0                   Options.strict_bytes_per_sync: 0
2023/07/09-13:29:41.256238 3cb0       Options.compaction_readahead_size: 0
2023/07/09-13:29:41.256293 3cb0                  Options.max_background_flushes: -1
2023/07/09-13:29:41.256314 3cb0 Compression algorithms supported:
2023/07/09-13:29:41.256333 3cb0 	kZSTD supported: 1
2023/07/09-13:29:41.256353 3cb0 	kSnappyCompression supported: 1
2023/07/09-13:29:41.256370 3cb0 	kBZip2Compression supported: 0
2023/07/09-13:29:41.256392 3cb0 	kZlibCompression supported: 1
2023/07/09-13:29:41.256410 3cb0 	kLZ4Compression supported: 1
2023/07/09-13:29:41.256427 3cb0 	kXpressCompression supported: 0
2023/07/09-13:29:41.256444 3cb0 	kLZ4HCCompression supported: 1
2023/07/09-13:29:41.256462 3cb0 	kZSTDNotFinalCompression supported: 1
2023/07/09-13:29:41.256483 3cb0 Fast CRC32 supported: Not supported on x86
2023/07/09-13:29:41.256501 3cb0 DMutex implementation: std::mutex
2023/07/09-13:29:41.268897 3cb0 [WARN] [db\db_impl\db_impl_open.cc:2055] DB::Open() failed: Corruption: CURRENT file corrupted
2023/07/09-13:29:41.268916 3cb0 [db\db_impl\db_impl.cc:480] Shutdown: canceling all background work
2023/07/09-13:29:41.268983 3cb0 [db\db_impl\db_impl.cc:710] Shutdown complete
