2023/07/09-13:29:40.936129 8a8 RocksDB version: 7.4.5
2023/07/09-13:29:40.936213 8a8 Git sha e072c129d57a0883370034cecf6774c745c40f76
2023/07/09-13:29:40.936235 8a8 Compile date 2022-08-15 17:16:22
2023/07/09-13:29:40.936250 8a8 DB SUMMARY
2023/07/09-13:29:40.936263 8a8 DB Session ID:  B39RAD6MD26O8CZNPG75
2023/07/09-13:29:40.951575 8a8 CURRENT file:  CURRENT
2023/07/09-13:29:40.951611 8a8 IDENTITY file:  IDENTITY
2023/07/09-13:29:40.953827 8a8 MANIFEST file:  MANIFEST-000050 size: 170 Bytes
2023/07/09-13:29:40.953857 8a8 SST files in C:\Users\sschneider\Github\siteSync\sparkplug\hivemq-ce-2023.3\hivemq-ce-2023.3\data\persistence\publish_payload_store\040500_R\publish_payload_store_3 dir, Total Num: 1, files: 000048.sst 
2023/07/09-13:29:40.953874 8a8 Write Ahead Log file in C:\Users\sschneider\Github\siteSync\sparkplug\hivemq-ce-2023.3\hivemq-ce-2023.3\data\persistence\publish_payload_store\040500_R\publish_payload_store_3: 000049.log size: 320 ; 
2023/07/09-13:29:40.954020 8a8                         Options.error_if_exists: 0
2023/07/09-13:29:40.954035 8a8                       Options.create_if_missing: 1
2023/07/09-13:29:40.954044 8a8                         Options.paranoid_checks: 1
2023/07/09-13:29:40.954052 8a8             Options.flush_verify_memtable_count: 1
2023/07/09-13:29:40.954059 8a8                               Options.track_and_verify_wals_in_manifest: 0
2023/07/09-13:29:40.954066 8a8        Options.verify_sst_unique_id_in_manifest: 0
2023/07/09-13:29:40.954075 8a8                                     Options.env: 000002596DCCE060
2023/07/09-13:29:40.954083 8a8                                      Options.fs: WinFS
2023/07/09-13:29:40.954092 8a8                                Options.info_log: 000002596DED61D0
2023/07/09-13:29:40.954100 8a8                Options.max_file_opening_threads: 16
2023/07/09-13:29:40.954108 8a8                              Options.statistics: 000002596D61CAE0
2023/07/09-13:29:40.954115 8a8                               Options.use_fsync: 0
2023/07/09-13:29:40.954123 8a8                       Options.max_log_file_size: 512000
2023/07/09-13:29:40.954131 8a8                  Options.max_manifest_file_size: 1073741824
2023/07/09-13:29:40.954139 8a8                   Options.log_file_time_to_roll: 0
2023/07/09-13:29:40.954147 8a8                       Options.keep_log_file_num: 2
2023/07/09-13:29:40.954155 8a8                    Options.recycle_log_file_num: 0
2023/07/09-13:29:40.954163 8a8                         Options.allow_fallocate: 1
2023/07/09-13:29:40.954171 8a8                        Options.allow_mmap_reads: 0
2023/07/09-13:29:40.954178 8a8                       Options.allow_mmap_writes: 0
2023/07/09-13:29:40.954186 8a8                        Options.use_direct_reads: 0
2023/07/09-13:29:40.954194 8a8                        Options.use_direct_io_for_flush_and_compaction: 0
2023/07/09-13:29:40.954202 8a8          Options.create_missing_column_families: 0
2023/07/09-13:29:40.954209 8a8                              Options.db_log_dir: 
2023/07/09-13:29:40.954216 8a8                                 Options.wal_dir: 
2023/07/09-13:29:40.954223 8a8                Options.table_cache_numshardbits: 6
2023/07/09-13:29:40.954231 8a8                         Options.WAL_ttl_seconds: 0
2023/07/09-13:29:40.954238 8a8                       Options.WAL_size_limit_MB: 0
2023/07/09-13:29:40.954253 8a8                        Options.max_write_batch_group_size_bytes: 1048576
2023/07/09-13:29:40.954263 8a8             Options.manifest_preallocation_size: 4194304
2023/07/09-13:29:40.954271 8a8                     Options.is_fd_close_on_exec: 1
2023/07/09-13:29:40.954279 8a8                   Options.advise_random_on_open: 1
2023/07/09-13:29:40.954288 8a8                   Options.experimental_mempurge_threshold: 0.000000
2023/07/09-13:29:40.954296 8a8                    Options.db_write_buffer_size: 0
2023/07/09-13:29:40.954306 8a8                    Options.write_buffer_manager: 000002596F4ECF50
2023/07/09-13:29:40.954316 8a8         Options.access_hint_on_compaction_start: 1
2023/07/09-13:29:40.954325 8a8           Options.random_access_max_buffer_size: 1048576
2023/07/09-13:29:40.954358 8a8                      Options.use_adaptive_mutex: 0
2023/07/09-13:29:40.954369 8a8                            Options.rate_limiter: 0000000000000000
2023/07/09-13:29:40.954379 8a8     Options.sst_file_manager.rate_bytes_per_sec: 0
2023/07/09-13:29:40.954389 8a8                       Options.wal_recovery_mode: 2
2023/07/09-13:29:40.954397 8a8                  Options.enable_thread_tracking: 0
2023/07/09-13:29:40.954407 8a8                  Options.enable_pipelined_write: 0
2023/07/09-13:29:40.954417 8a8                  Options.unordered_write: 0
2023/07/09-13:29:40.954426 8a8         Options.allow_concurrent_memtable_write: 1
2023/07/09-13:29:40.954437 8a8      Options.enable_write_thread_adaptive_yield: 1
2023/07/09-13:29:40.954446 8a8             Options.write_thread_max_yield_usec: 100
2023/07/09-13:29:40.954455 8a8            Options.write_thread_slow_yield_usec: 3
2023/07/09-13:29:40.954464 8a8                               Options.row_cache: None
2023/07/09-13:29:40.954472 8a8                              Options.wal_filter: None
2023/07/09-13:29:40.954480 8a8             Options.avoid_flush_during_recovery: 0
2023/07/09-13:29:40.954487 8a8             Options.allow_ingest_behind: 0
2023/07/09-13:29:40.954495 8a8             Options.two_write_queues: 0
2023/07/09-13:29:40.954503 8a8             Options.manual_wal_flush: 0
2023/07/09-13:29:40.954511 8a8             Options.wal_compression: 0
2023/07/09-13:29:40.954519 8a8             Options.atomic_flush: 0
2023/07/09-13:29:40.954527 8a8             Options.avoid_unnecessary_blocking_io: 0
2023/07/09-13:29:40.954535 8a8                 Options.persist_stats_to_disk: 0
2023/07/09-13:29:40.954543 8a8                 Options.write_dbid_to_manifest: 0
2023/07/09-13:29:40.954550 8a8                 Options.log_readahead_size: 0
2023/07/09-13:29:40.954558 8a8                 Options.file_checksum_gen_factory: Unknown
2023/07/09-13:29:40.954566 8a8                 Options.best_efforts_recovery: 0
2023/07/09-13:29:40.954573 8a8                Options.max_bgerror_resume_count: 2147483647
2023/07/09-13:29:40.954580 8a8            Options.bgerror_resume_retry_interval: 1000000
2023/07/09-13:29:40.954589 8a8             Options.allow_data_in_errors: 0
2023/07/09-13:29:40.954597 8a8             Options.db_host_id: __hostname__
2023/07/09-13:29:40.954604 8a8             Options.enforce_single_del_contracts: true
2023/07/09-13:29:40.954612 8a8             Options.max_background_jobs: 2
2023/07/09-13:29:40.954620 8a8             Options.max_background_compactions: -1
2023/07/09-13:29:40.954627 8a8             Options.max_subcompactions: 1
2023/07/09-13:29:40.954635 8a8             Options.avoid_flush_during_shutdown: 0
2023/07/09-13:29:40.954642 8a8           Options.writable_file_max_buffer_size: 1048576
2023/07/09-13:29:40.954651 8a8             Options.delayed_write_rate : 16777216
2023/07/09-13:29:40.954658 8a8             Options.max_total_wal_size: 0
2023/07/09-13:29:40.954665 8a8             Options.delete_obsolete_files_period_micros: 21600000000
2023/07/09-13:29:40.954673 8a8                   Options.stats_dump_period_sec: 0
2023/07/09-13:29:40.954680 8a8                 Options.stats_persist_period_sec: 0
2023/07/09-13:29:40.954687 8a8                 Options.stats_history_buffer_size: 65536
2023/07/09-13:29:40.954694 8a8                          Options.max_open_files: -1
2023/07/09-13:29:40.954701 8a8                          Options.bytes_per_sync: 0
2023/07/09-13:29:40.954708 8a8                      Options.wal_bytes_per_sync: 0
2023/07/09-13:29:40.954715 8a8                   Options.strict_bytes_per_sync: 0
2023/07/09-13:29:40.954721 8a8       Options.compaction_readahead_size: 0
2023/07/09-13:29:40.954728 8a8                  Options.max_background_flushes: -1
2023/07/09-13:29:40.954735 8a8 Compression algorithms supported:
2023/07/09-13:29:40.954743 8a8 	kZSTD supported: 1
2023/07/09-13:29:40.954750 8a8 	kSnappyCompression supported: 1
2023/07/09-13:29:40.954757 8a8 	kBZip2Compression supported: 0
2023/07/09-13:29:40.954783 8a8 	kZlibCompression supported: 1
2023/07/09-13:29:40.954791 8a8 	kLZ4Compression supported: 1
2023/07/09-13:29:40.954798 8a8 	kXpressCompression supported: 0
2023/07/09-13:29:40.954806 8a8 	kLZ4HCCompression supported: 1
2023/07/09-13:29:40.954813 8a8 	kZSTDNotFinalCompression supported: 1
2023/07/09-13:29:40.954820 8a8 Fast CRC32 supported: Not supported on x86
2023/07/09-13:29:40.954829 8a8 DMutex implementation: std::mutex
2023/07/09-13:29:40.994037 8a8 [WARN] [db\db_impl\db_impl_open.cc:2055] DB::Open() failed: Corruption: CURRENT file corrupted
2023/07/09-13:29:40.994070 8a8 [db\db_impl\db_impl.cc:480] Shutdown: canceling all background work
2023/07/09-13:29:40.994179 8a8 [db\db_impl\db_impl.cc:710] Shutdown complete
