2023/07/09-13:29:41.040324 2c2c RocksDB version: 7.4.5
2023/07/09-13:29:41.040393 2c2c Git sha e072c129d57a0883370034cecf6774c745c40f76
2023/07/09-13:29:41.040414 2c2c Compile date 2022-08-15 17:16:22
2023/07/09-13:29:41.040429 2c2c DB SUMMARY
2023/07/09-13:29:41.040443 2c2c DB Session ID:  B39RAD6MD26O8CZNPG8H
2023/07/09-13:29:41.083053 2c2c CURRENT file:  CURRENT
2023/07/09-13:29:41.083088 2c2c IDENTITY file:  IDENTITY
2023/07/09-13:29:41.091220 2c2c MANIFEST file:  MANIFEST-000052 size: 344 Bytes
2023/07/09-13:29:41.091256 2c2c SST files in C:\Users\sschneider\Github\siteSync\sparkplug\hivemq-ce-2023.3\hivemq-ce-2023.3\data\persistence\publish_payload_store\040500_R\publish_payload_store_38 dir, Total Num: 3, files: 000028.sst 000033.sst 000050.sst 
2023/07/09-13:29:41.091406 2c2c Write Ahead Log file in C:\Users\sschneider\Github\siteSync\sparkplug\hivemq-ce-2023.3\hivemq-ce-2023.3\data\persistence\publish_payload_store\040500_R\publish_payload_store_38: 000051.log size: 1725 ; 
2023/07/09-13:29:41.091438 2c2c                         Options.error_if_exists: 0
2023/07/09-13:29:41.091458 2c2c                       Options.create_if_missing: 1
2023/07/09-13:29:41.091476 2c2c                         Options.paranoid_checks: 1
2023/07/09-13:29:41.091493 2c2c             Options.flush_verify_memtable_count: 1
2023/07/09-13:29:41.091510 2c2c                               Options.track_and_verify_wals_in_manifest: 0
2023/07/09-13:29:41.091526 2c2c        Options.verify_sst_unique_id_in_manifest: 0
2023/07/09-13:29:41.091544 2c2c                                     Options.env: 000002596DCCE060
2023/07/09-13:29:41.091569 2c2c                                      Options.fs: WinFS
2023/07/09-13:29:41.091580 2c2c                                Options.info_log: 000002596F7FA3B0
2023/07/09-13:29:41.091588 2c2c                Options.max_file_opening_threads: 16
2023/07/09-13:29:41.091598 2c2c                              Options.statistics: 000002596D61CAE0
2023/07/09-13:29:41.091606 2c2c                               Options.use_fsync: 0
2023/07/09-13:29:41.091615 2c2c                       Options.max_log_file_size: 512000
2023/07/09-13:29:41.091623 2c2c                  Options.max_manifest_file_size: 1073741824
2023/07/09-13:29:41.091631 2c2c                   Options.log_file_time_to_roll: 0
2023/07/09-13:29:41.091642 2c2c                       Options.keep_log_file_num: 2
2023/07/09-13:29:41.091651 2c2c                    Options.recycle_log_file_num: 0
2023/07/09-13:29:41.091659 2c2c                         Options.allow_fallocate: 1
2023/07/09-13:29:41.091669 2c2c                        Options.allow_mmap_reads: 0
2023/07/09-13:29:41.091678 2c2c                       Options.allow_mmap_writes: 0
2023/07/09-13:29:41.091687 2c2c                        Options.use_direct_reads: 0
2023/07/09-13:29:41.091696 2c2c                        Options.use_direct_io_for_flush_and_compaction: 0
2023/07/09-13:29:41.091704 2c2c          Options.create_missing_column_families: 0
2023/07/09-13:29:41.091712 2c2c                              Options.db_log_dir: 
2023/07/09-13:29:41.091720 2c2c                                 Options.wal_dir: 
2023/07/09-13:29:41.091729 2c2c                Options.table_cache_numshardbits: 6
2023/07/09-13:29:41.091738 2c2c                         Options.WAL_ttl_seconds: 0
2023/07/09-13:29:41.091746 2c2c                       Options.WAL_size_limit_MB: 0
2023/07/09-13:29:41.091755 2c2c                        Options.max_write_batch_group_size_bytes: 1048576
2023/07/09-13:29:41.091764 2c2c             Options.manifest_preallocation_size: 4194304
2023/07/09-13:29:41.091772 2c2c                     Options.is_fd_close_on_exec: 1
2023/07/09-13:29:41.091779 2c2c                   Options.advise_random_on_open: 1
2023/07/09-13:29:41.091786 2c2c                   Options.experimental_mempurge_threshold: 0.000000
2023/07/09-13:29:41.091794 2c2c                    Options.db_write_buffer_size: 0
2023/07/09-13:29:41.091802 2c2c                    Options.write_buffer_manager: 000002596F585040
2023/07/09-13:29:41.091811 2c2c         Options.access_hint_on_compaction_start: 1
2023/07/09-13:29:41.091850 2c2c           Options.random_access_max_buffer_size: 1048576
2023/07/09-13:29:41.091862 2c2c                      Options.use_adaptive_mutex: 0
2023/07/09-13:29:41.091870 2c2c                            Options.rate_limiter: 0000000000000000
2023/07/09-13:29:41.091878 2c2c     Options.sst_file_manager.rate_bytes_per_sec: 0
2023/07/09-13:29:41.091885 2c2c                       Options.wal_recovery_mode: 2
2023/07/09-13:29:41.091892 2c2c                  Options.enable_thread_tracking: 0
2023/07/09-13:29:41.091898 2c2c                  Options.enable_pipelined_write: 0
2023/07/09-13:29:41.091905 2c2c                  Options.unordered_write: 0
2023/07/09-13:29:41.091912 2c2c         Options.allow_concurrent_memtable_write: 1
2023/07/09-13:29:41.091921 2c2c      Options.enable_write_thread_adaptive_yield: 1
2023/07/09-13:29:41.091930 2c2c             Options.write_thread_max_yield_usec: 100
2023/07/09-13:29:41.091940 2c2c            Options.write_thread_slow_yield_usec: 3
2023/07/09-13:29:41.091952 2c2c                               Options.row_cache: None
2023/07/09-13:29:41.091962 2c2c                              Options.wal_filter: None
2023/07/09-13:29:41.091972 2c2c             Options.avoid_flush_during_recovery: 0
2023/07/09-13:29:41.091980 2c2c             Options.allow_ingest_behind: 0
2023/07/09-13:29:41.091989 2c2c             Options.two_write_queues: 0
2023/07/09-13:29:41.091998 2c2c             Options.manual_wal_flush: 0
2023/07/09-13:29:41.092007 2c2c             Options.wal_compression: 0
2023/07/09-13:29:41.092015 2c2c             Options.atomic_flush: 0
2023/07/09-13:29:41.092023 2c2c             Options.avoid_unnecessary_blocking_io: 0
2023/07/09-13:29:41.092033 2c2c                 Options.persist_stats_to_disk: 0
2023/07/09-13:29:41.092042 2c2c                 Options.write_dbid_to_manifest: 0
2023/07/09-13:29:41.092049 2c2c                 Options.log_readahead_size: 0
2023/07/09-13:29:41.092056 2c2c                 Options.file_checksum_gen_factory: Unknown
2023/07/09-13:29:41.092064 2c2c                 Options.best_efforts_recovery: 0
2023/07/09-13:29:41.092071 2c2c                Options.max_bgerror_resume_count: 2147483647
2023/07/09-13:29:41.092078 2c2c            Options.bgerror_resume_retry_interval: 1000000
2023/07/09-13:29:41.092085 2c2c             Options.allow_data_in_errors: 0
2023/07/09-13:29:41.092092 2c2c             Options.db_host_id: __hostname__
2023/07/09-13:29:41.092099 2c2c             Options.enforce_single_del_contracts: true
2023/07/09-13:29:41.092106 2c2c             Options.max_background_jobs: 2
2023/07/09-13:29:41.092113 2c2c             Options.max_background_compactions: -1
2023/07/09-13:29:41.092120 2c2c             Options.max_subcompactions: 1
2023/07/09-13:29:41.092128 2c2c             Options.avoid_flush_during_shutdown: 0
2023/07/09-13:29:41.092135 2c2c           Options.writable_file_max_buffer_size: 1048576
2023/07/09-13:29:41.092144 2c2c             Options.delayed_write_rate : 16777216
2023/07/09-13:29:41.092151 2c2c             Options.max_total_wal_size: 0
2023/07/09-13:29:41.092158 2c2c             Options.delete_obsolete_files_period_micros: 21600000000
2023/07/09-13:29:41.092165 2c2c                   Options.stats_dump_period_sec: 0
2023/07/09-13:29:41.092173 2c2c                 Options.stats_persist_period_sec: 0
2023/07/09-13:29:41.092180 2c2c                 Options.stats_history_buffer_size: 65536
2023/07/09-13:29:41.092187 2c2c                          Options.max_open_files: -1
2023/07/09-13:29:41.092193 2c2c                          Options.bytes_per_sync: 0
2023/07/09-13:29:41.092200 2c2c                      Options.wal_bytes_per_sync: 0
2023/07/09-13:29:41.092207 2c2c                   Options.strict_bytes_per_sync: 0
2023/07/09-13:29:41.092214 2c2c       Options.compaction_readahead_size: 0
2023/07/09-13:29:41.092220 2c2c                  Options.max_background_flushes: -1
2023/07/09-13:29:41.092227 2c2c Compression algorithms supported:
2023/07/09-13:29:41.092233 2c2c 	kZSTD supported: 1
2023/07/09-13:29:41.092260 2c2c 	kSnappyCompression supported: 1
2023/07/09-13:29:41.092270 2c2c 	kBZip2Compression supported: 0
2023/07/09-13:29:41.092280 2c2c 	kZlibCompression supported: 1
2023/07/09-13:29:41.092290 2c2c 	kLZ4Compression supported: 1
2023/07/09-13:29:41.092299 2c2c 	kXpressCompression supported: 0
2023/07/09-13:29:41.092309 2c2c 	kLZ4HCCompression supported: 1
2023/07/09-13:29:41.092341 2c2c 	kZSTDNotFinalCompression supported: 1
2023/07/09-13:29:41.092352 2c2c Fast CRC32 supported: Not supported on x86
2023/07/09-13:29:41.092361 2c2c DMutex implementation: std::mutex
2023/07/09-13:29:41.120667 2c2c [WARN] [db\db_impl\db_impl_open.cc:2055] DB::Open() failed: Corruption: CURRENT file corrupted
2023/07/09-13:29:41.120689 2c2c [db\db_impl\db_impl.cc:480] Shutdown: canceling all background work
2023/07/09-13:29:41.120752 2c2c [db\db_impl\db_impl.cc:710] Shutdown complete
