2023/07/09-13:29:41.006394 2a84 RocksDB version: 7.4.5
2023/07/09-13:29:41.006486 2a84 Git sha e072c129d57a0883370034cecf6774c745c40f76
2023/07/09-13:29:41.006514 2a84 Compile date 2022-08-15 17:16:22
2023/07/09-13:29:41.006535 2a84 DB SUMMARY
2023/07/09-13:29:41.006557 2a84 DB Session ID:  B39RAD6MD26O8CZNPG8A
2023/07/09-13:29:41.036113 2a84 CURRENT file:  CURRENT
2023/07/09-13:29:41.036146 2a84 IDENTITY file:  IDENTITY
2023/07/09-13:29:41.036243 2a84 MANIFEST file:  MANIFEST-000050 size: 170 Bytes
2023/07/09-13:29:41.036262 2a84 SST files in C:\Users\sschneider\Github\siteSync\sparkplug\hivemq-ce-2023.3\hivemq-ce-2023.3\data\persistence\publish_payload_store\040500_R\publish_payload_store_55 dir, Total Num: 1, files: 000048.sst 
2023/07/09-13:29:41.036277 2a84 Write Ahead Log file in C:\Users\sschneider\Github\siteSync\sparkplug\hivemq-ce-2023.3\hivemq-ce-2023.3\data\persistence\publish_payload_store\040500_R\publish_payload_store_55: 000049.log size: 189 ; 
2023/07/09-13:29:41.036403 2a84                         Options.error_if_exists: 0
2023/07/09-13:29:41.036431 2a84                       Options.create_if_missing: 1
2023/07/09-13:29:41.036449 2a84                         Options.paranoid_checks: 1
2023/07/09-13:29:41.036466 2a84             Options.flush_verify_memtable_count: 1
2023/07/09-13:29:41.036495 2a84                               Options.track_and_verify_wals_in_manifest: 0
2023/07/09-13:29:41.036509 2a84        Options.verify_sst_unique_id_in_manifest: 0
2023/07/09-13:29:41.036519 2a84                                     Options.env: 000002596DCCE060
2023/07/09-13:29:41.036527 2a84                                      Options.fs: WinFS
2023/07/09-13:29:41.036535 2a84                                Options.info_log: 000002596F7F8330
2023/07/09-13:29:41.036544 2a84                Options.max_file_opening_threads: 16
2023/07/09-13:29:41.036553 2a84                              Options.statistics: 000002596D61CAE0
2023/07/09-13:29:41.036561 2a84                               Options.use_fsync: 0
2023/07/09-13:29:41.036570 2a84                       Options.max_log_file_size: 512000
2023/07/09-13:29:41.036581 2a84                  Options.max_manifest_file_size: 1073741824
2023/07/09-13:29:41.036589 2a84                   Options.log_file_time_to_roll: 0
2023/07/09-13:29:41.036598 2a84                       Options.keep_log_file_num: 2
2023/07/09-13:29:41.036607 2a84                    Options.recycle_log_file_num: 0
2023/07/09-13:29:41.036614 2a84                         Options.allow_fallocate: 1
2023/07/09-13:29:41.036623 2a84                        Options.allow_mmap_reads: 0
2023/07/09-13:29:41.036633 2a84                       Options.allow_mmap_writes: 0
2023/07/09-13:29:41.036643 2a84                        Options.use_direct_reads: 0
2023/07/09-13:29:41.036651 2a84                        Options.use_direct_io_for_flush_and_compaction: 0
2023/07/09-13:29:41.036661 2a84          Options.create_missing_column_families: 0
2023/07/09-13:29:41.036670 2a84                              Options.db_log_dir: 
2023/07/09-13:29:41.036677 2a84                                 Options.wal_dir: 
2023/07/09-13:29:41.036685 2a84                Options.table_cache_numshardbits: 6
2023/07/09-13:29:41.036692 2a84                         Options.WAL_ttl_seconds: 0
2023/07/09-13:29:41.036701 2a84                       Options.WAL_size_limit_MB: 0
2023/07/09-13:29:41.036709 2a84                        Options.max_write_batch_group_size_bytes: 1048576
2023/07/09-13:29:41.036718 2a84             Options.manifest_preallocation_size: 4194304
2023/07/09-13:29:41.036726 2a84                     Options.is_fd_close_on_exec: 1
2023/07/09-13:29:41.036733 2a84                   Options.advise_random_on_open: 1
2023/07/09-13:29:41.036743 2a84                   Options.experimental_mempurge_threshold: 0.000000
2023/07/09-13:29:41.036752 2a84                    Options.db_write_buffer_size: 0
2023/07/09-13:29:41.036762 2a84                    Options.write_buffer_manager: 000002596F2EA900
2023/07/09-13:29:41.036770 2a84         Options.access_hint_on_compaction_start: 1
2023/07/09-13:29:41.036808 2a84           Options.random_access_max_buffer_size: 1048576
2023/07/09-13:29:41.036819 2a84                      Options.use_adaptive_mutex: 0
2023/07/09-13:29:41.036828 2a84                            Options.rate_limiter: 0000000000000000
2023/07/09-13:29:41.036837 2a84     Options.sst_file_manager.rate_bytes_per_sec: 0
2023/07/09-13:29:41.036847 2a84                       Options.wal_recovery_mode: 2
2023/07/09-13:29:41.036856 2a84                  Options.enable_thread_tracking: 0
2023/07/09-13:29:41.036864 2a84                  Options.enable_pipelined_write: 0
2023/07/09-13:29:41.036873 2a84                  Options.unordered_write: 0
2023/07/09-13:29:41.036880 2a84         Options.allow_concurrent_memtable_write: 1
2023/07/09-13:29:41.036889 2a84      Options.enable_write_thread_adaptive_yield: 1
2023/07/09-13:29:41.036897 2a84             Options.write_thread_max_yield_usec: 100
2023/07/09-13:29:41.036905 2a84            Options.write_thread_slow_yield_usec: 3
2023/07/09-13:29:41.036913 2a84                               Options.row_cache: None
2023/07/09-13:29:41.036921 2a84                              Options.wal_filter: None
2023/07/09-13:29:41.036929 2a84             Options.avoid_flush_during_recovery: 0
2023/07/09-13:29:41.036939 2a84             Options.allow_ingest_behind: 0
2023/07/09-13:29:41.036947 2a84             Options.two_write_queues: 0
2023/07/09-13:29:41.036955 2a84             Options.manual_wal_flush: 0
2023/07/09-13:29:41.036964 2a84             Options.wal_compression: 0
2023/07/09-13:29:41.036972 2a84             Options.atomic_flush: 0
2023/07/09-13:29:41.036979 2a84             Options.avoid_unnecessary_blocking_io: 0
2023/07/09-13:29:41.036988 2a84                 Options.persist_stats_to_disk: 0
2023/07/09-13:29:41.036996 2a84                 Options.write_dbid_to_manifest: 0
2023/07/09-13:29:41.037004 2a84                 Options.log_readahead_size: 0
2023/07/09-13:29:41.037012 2a84                 Options.file_checksum_gen_factory: Unknown
2023/07/09-13:29:41.037019 2a84                 Options.best_efforts_recovery: 0
2023/07/09-13:29:41.037027 2a84                Options.max_bgerror_resume_count: 2147483647
2023/07/09-13:29:41.037036 2a84            Options.bgerror_resume_retry_interval: 1000000
2023/07/09-13:29:41.037046 2a84             Options.allow_data_in_errors: 0
2023/07/09-13:29:41.037057 2a84             Options.db_host_id: __hostname__
2023/07/09-13:29:41.037067 2a84             Options.enforce_single_del_contracts: true
2023/07/09-13:29:41.037080 2a84             Options.max_background_jobs: 2
2023/07/09-13:29:41.037090 2a84             Options.max_background_compactions: -1
2023/07/09-13:29:41.037101 2a84             Options.max_subcompactions: 1
2023/07/09-13:29:41.037111 2a84             Options.avoid_flush_during_shutdown: 0
2023/07/09-13:29:41.037122 2a84           Options.writable_file_max_buffer_size: 1048576
2023/07/09-13:29:41.037133 2a84             Options.delayed_write_rate : 16777216
2023/07/09-13:29:41.037145 2a84             Options.max_total_wal_size: 0
2023/07/09-13:29:41.037155 2a84             Options.delete_obsolete_files_period_micros: 21600000000
2023/07/09-13:29:41.037167 2a84                   Options.stats_dump_period_sec: 0
2023/07/09-13:29:41.037178 2a84                 Options.stats_persist_period_sec: 0
2023/07/09-13:29:41.037188 2a84                 Options.stats_history_buffer_size: 65536
2023/07/09-13:29:41.037199 2a84                          Options.max_open_files: -1
2023/07/09-13:29:41.037207 2a84                          Options.bytes_per_sync: 0
2023/07/09-13:29:41.037215 2a84                      Options.wal_bytes_per_sync: 0
2023/07/09-13:29:41.037223 2a84                   Options.strict_bytes_per_sync: 0
2023/07/09-13:29:41.037231 2a84       Options.compaction_readahead_size: 0
2023/07/09-13:29:41.037240 2a84                  Options.max_background_flushes: -1
2023/07/09-13:29:41.037249 2a84 Compression algorithms supported:
2023/07/09-13:29:41.037258 2a84 	kZSTD supported: 1
2023/07/09-13:29:41.037295 2a84 	kSnappyCompression supported: 1
2023/07/09-13:29:41.037305 2a84 	kBZip2Compression supported: 0
2023/07/09-13:29:41.037314 2a84 	kZlibCompression supported: 1
2023/07/09-13:29:41.037325 2a84 	kLZ4Compression supported: 1
2023/07/09-13:29:41.037334 2a84 	kXpressCompression supported: 0
2023/07/09-13:29:41.037343 2a84 	kLZ4HCCompression supported: 1
2023/07/09-13:29:41.037351 2a84 	kZSTDNotFinalCompression supported: 1
2023/07/09-13:29:41.037358 2a84 Fast CRC32 supported: Not supported on x86
2023/07/09-13:29:41.037365 2a84 DMutex implementation: std::mutex
2023/07/09-13:29:41.060866 2a84 [WARN] [db\db_impl\db_impl_open.cc:2055] DB::Open() failed: Corruption: CURRENT file corrupted
2023/07/09-13:29:41.060884 2a84 [db\db_impl\db_impl.cc:480] Shutdown: canceling all background work
2023/07/09-13:29:41.060943 2a84 [db\db_impl\db_impl.cc:710] Shutdown complete
