2023/07/09-13:29:41.186790 4f88 RocksDB version: 7.4.5
2023/07/09-13:29:41.186865 4f88 Git sha e072c129d57a0883370034cecf6774c745c40f76
2023/07/09-13:29:41.186886 4f88 Compile date 2022-08-15 17:16:22
2023/07/09-13:29:41.186901 4f88 DB SUMMARY
2023/07/09-13:29:41.186916 4f88 DB Session ID:  B39RAD6MD26O8CZNPG69
2023/07/09-13:29:41.204160 4f88 CURRENT file:  CURRENT
2023/07/09-13:29:41.204199 4f88 IDENTITY file:  IDENTITY
2023/07/09-13:29:41.204317 4f88 MANIFEST file:  MANIFEST-000050 size: 218 Bytes
2023/07/09-13:29:41.204346 4f88 SST files in C:\Users\sschneider\Github\siteSync\sparkplug\hivemq-ce-2023.3\hivemq-ce-2023.3\data\persistence\retained_messages\040500_R\retained_messages_58 dir, Total Num: 1, files: 000048.sst 
2023/07/09-13:29:41.204364 4f88 Write Ahead Log file in C:\Users\sschneider\Github\siteSync\sparkplug\hivemq-ce-2023.3\hivemq-ce-2023.3\data\persistence\retained_messages\040500_R\retained_messages_58: 000049.log size: 4826 ; 
2023/07/09-13:29:41.204468 4f88                         Options.error_if_exists: 0
2023/07/09-13:29:41.204478 4f88                       Options.create_if_missing: 1
2023/07/09-13:29:41.204486 4f88                         Options.paranoid_checks: 1
2023/07/09-13:29:41.204493 4f88             Options.flush_verify_memtable_count: 1
2023/07/09-13:29:41.204500 4f88                               Options.track_and_verify_wals_in_manifest: 0
2023/07/09-13:29:41.204508 4f88        Options.verify_sst_unique_id_in_manifest: 0
2023/07/09-13:29:41.204515 4f88                                     Options.env: 000002596DCCE060
2023/07/09-13:29:41.204523 4f88                                      Options.fs: WinFS
2023/07/09-13:29:41.204531 4f88                                Options.info_log: 000002596F6A24E0
2023/07/09-13:29:41.204539 4f88                Options.max_file_opening_threads: 16
2023/07/09-13:29:41.204547 4f88                              Options.statistics: 000002596F276780
2023/07/09-13:29:41.204554 4f88                               Options.use_fsync: 0
2023/07/09-13:29:41.204561 4f88                       Options.max_log_file_size: 512000
2023/07/09-13:29:41.204569 4f88                  Options.max_manifest_file_size: 1073741824
2023/07/09-13:29:41.204577 4f88                   Options.log_file_time_to_roll: 0
2023/07/09-13:29:41.204584 4f88                       Options.keep_log_file_num: 2
2023/07/09-13:29:41.204592 4f88                    Options.recycle_log_file_num: 0
2023/07/09-13:29:41.204599 4f88                         Options.allow_fallocate: 1
2023/07/09-13:29:41.204606 4f88                        Options.allow_mmap_reads: 0
2023/07/09-13:29:41.204614 4f88                       Options.allow_mmap_writes: 0
2023/07/09-13:29:41.204621 4f88                        Options.use_direct_reads: 0
2023/07/09-13:29:41.204628 4f88                        Options.use_direct_io_for_flush_and_compaction: 0
2023/07/09-13:29:41.204635 4f88          Options.create_missing_column_families: 0
2023/07/09-13:29:41.204643 4f88                              Options.db_log_dir: 
2023/07/09-13:29:41.204651 4f88                                 Options.wal_dir: 
2023/07/09-13:29:41.204658 4f88                Options.table_cache_numshardbits: 6
2023/07/09-13:29:41.204666 4f88                         Options.WAL_ttl_seconds: 0
2023/07/09-13:29:41.204673 4f88                       Options.WAL_size_limit_MB: 0
2023/07/09-13:29:41.204680 4f88                        Options.max_write_batch_group_size_bytes: 1048576
2023/07/09-13:29:41.204688 4f88             Options.manifest_preallocation_size: 4194304
2023/07/09-13:29:41.204696 4f88                     Options.is_fd_close_on_exec: 1
2023/07/09-13:29:41.204704 4f88                   Options.advise_random_on_open: 1
2023/07/09-13:29:41.204713 4f88                   Options.experimental_mempurge_threshold: 0.000000
2023/07/09-13:29:41.204721 4f88                    Options.db_write_buffer_size: 0
2023/07/09-13:29:41.204728 4f88                    Options.write_buffer_manager: 000002596F824A80
2023/07/09-13:29:41.204736 4f88         Options.access_hint_on_compaction_start: 1
2023/07/09-13:29:41.204765 4f88           Options.random_access_max_buffer_size: 1048576
2023/07/09-13:29:41.204775 4f88                      Options.use_adaptive_mutex: 0
2023/07/09-13:29:41.204782 4f88                            Options.rate_limiter: 0000000000000000
2023/07/09-13:29:41.204790 4f88     Options.sst_file_manager.rate_bytes_per_sec: 0
2023/07/09-13:29:41.204798 4f88                       Options.wal_recovery_mode: 2
2023/07/09-13:29:41.204805 4f88                  Options.enable_thread_tracking: 0
2023/07/09-13:29:41.204812 4f88                  Options.enable_pipelined_write: 0
2023/07/09-13:29:41.204819 4f88                  Options.unordered_write: 0
2023/07/09-13:29:41.204827 4f88         Options.allow_concurrent_memtable_write: 1
2023/07/09-13:29:41.204834 4f88      Options.enable_write_thread_adaptive_yield: 1
2023/07/09-13:29:41.204842 4f88             Options.write_thread_max_yield_usec: 100
2023/07/09-13:29:41.204849 4f88            Options.write_thread_slow_yield_usec: 3
2023/07/09-13:29:41.204858 4f88                               Options.row_cache: None
2023/07/09-13:29:41.204867 4f88                              Options.wal_filter: None
2023/07/09-13:29:41.204875 4f88             Options.avoid_flush_during_recovery: 0
2023/07/09-13:29:41.204882 4f88             Options.allow_ingest_behind: 0
2023/07/09-13:29:41.204890 4f88             Options.two_write_queues: 0
2023/07/09-13:29:41.204897 4f88             Options.manual_wal_flush: 0
2023/07/09-13:29:41.204904 4f88             Options.wal_compression: 0
2023/07/09-13:29:41.204911 4f88             Options.atomic_flush: 0
2023/07/09-13:29:41.204918 4f88             Options.avoid_unnecessary_blocking_io: 0
2023/07/09-13:29:41.204925 4f88                 Options.persist_stats_to_disk: 0
2023/07/09-13:29:41.204933 4f88                 Options.write_dbid_to_manifest: 0
2023/07/09-13:29:41.204940 4f88                 Options.log_readahead_size: 0
2023/07/09-13:29:41.204947 4f88                 Options.file_checksum_gen_factory: Unknown
2023/07/09-13:29:41.204955 4f88                 Options.best_efforts_recovery: 0
2023/07/09-13:29:41.204962 4f88                Options.max_bgerror_resume_count: 2147483647
2023/07/09-13:29:41.204970 4f88            Options.bgerror_resume_retry_interval: 1000000
2023/07/09-13:29:41.204978 4f88             Options.allow_data_in_errors: 0
2023/07/09-13:29:41.204985 4f88             Options.db_host_id: __hostname__
2023/07/09-13:29:41.204994 4f88             Options.enforce_single_del_contracts: true
2023/07/09-13:29:41.205001 4f88             Options.max_background_jobs: 2
2023/07/09-13:29:41.205009 4f88             Options.max_background_compactions: -1
2023/07/09-13:29:41.205018 4f88             Options.max_subcompactions: 1
2023/07/09-13:29:41.205026 4f88             Options.avoid_flush_during_shutdown: 0
2023/07/09-13:29:41.205034 4f88           Options.writable_file_max_buffer_size: 1048576
2023/07/09-13:29:41.205042 4f88             Options.delayed_write_rate : 16777216
2023/07/09-13:29:41.205050 4f88             Options.max_total_wal_size: 0
2023/07/09-13:29:41.205057 4f88             Options.delete_obsolete_files_period_micros: 21600000000
2023/07/09-13:29:41.205065 4f88                   Options.stats_dump_period_sec: 0
2023/07/09-13:29:41.205072 4f88                 Options.stats_persist_period_sec: 0
2023/07/09-13:29:41.205080 4f88                 Options.stats_history_buffer_size: 65536
2023/07/09-13:29:41.205088 4f88                          Options.max_open_files: -1
2023/07/09-13:29:41.205095 4f88                          Options.bytes_per_sync: 0
2023/07/09-13:29:41.205103 4f88                      Options.wal_bytes_per_sync: 0
2023/07/09-13:29:41.205110 4f88                   Options.strict_bytes_per_sync: 0
2023/07/09-13:29:41.205118 4f88       Options.compaction_readahead_size: 0
2023/07/09-13:29:41.205125 4f88                  Options.max_background_flushes: -1
2023/07/09-13:29:41.205133 4f88 Compression algorithms supported:
2023/07/09-13:29:41.205141 4f88 	kZSTD supported: 1
2023/07/09-13:29:41.205149 4f88 	kSnappyCompression supported: 1
2023/07/09-13:29:41.205170 4f88 	kBZip2Compression supported: 0
2023/07/09-13:29:41.205179 4f88 	kZlibCompression supported: 1
2023/07/09-13:29:41.205186 4f88 	kLZ4Compression supported: 1
2023/07/09-13:29:41.205194 4f88 	kXpressCompression supported: 0
2023/07/09-13:29:41.205201 4f88 	kLZ4HCCompression supported: 1
2023/07/09-13:29:41.205209 4f88 	kZSTDNotFinalCompression supported: 1
2023/07/09-13:29:41.205217 4f88 Fast CRC32 supported: Not supported on x86
2023/07/09-13:29:41.205224 4f88 DMutex implementation: std::mutex
2023/07/09-13:29:41.235354 4f88 [WARN] [db\db_impl\db_impl_open.cc:2055] DB::Open() failed: Corruption: CURRENT file corrupted
2023/07/09-13:29:41.235391 4f88 [db\db_impl\db_impl.cc:480] Shutdown: canceling all background work
2023/07/09-13:29:41.235501 4f88 [db\db_impl\db_impl.cc:710] Shutdown complete
