2023/07/09-13:29:41.141175 5a1c RocksDB version: 7.4.5
2023/07/09-13:29:41.141298 5a1c Git sha e072c129d57a0883370034cecf6774c745c40f76
2023/07/09-13:29:41.141332 5a1c Compile date 2022-08-15 17:16:22
2023/07/09-13:29:41.141352 5a1c DB SUMMARY
2023/07/09-13:29:41.141373 5a1c DB Session ID:  B39RAD6MD26O8CZNPG5G
2023/07/09-13:29:41.177296 5a1c CURRENT file:  CURRENT
2023/07/09-13:29:41.177335 5a1c IDENTITY file:  IDENTITY
2023/07/09-13:29:41.177770 5a1c MANIFEST file:  MANIFEST-000050 size: 218 Bytes
2023/07/09-13:29:41.177802 5a1c SST files in C:\Users\sschneider\Github\siteSync\sparkplug\hivemq-ce-2023.3\hivemq-ce-2023.3\data\persistence\retained_messages\040500_R\retained_messages_25 dir, Total Num: 1, files: 000048.sst 
2023/07/09-13:29:41.177818 5a1c Write Ahead Log file in C:\Users\sschneider\Github\siteSync\sparkplug\hivemq-ce-2023.3\hivemq-ce-2023.3\data\persistence\retained_messages\040500_R\retained_messages_25: 000049.log size: 4845 ; 
2023/07/09-13:29:41.177930 5a1c                         Options.error_if_exists: 0
2023/07/09-13:29:41.177942 5a1c                       Options.create_if_missing: 1
2023/07/09-13:29:41.177950 5a1c                         Options.paranoid_checks: 1
2023/07/09-13:29:41.177958 5a1c             Options.flush_verify_memtable_count: 1
2023/07/09-13:29:41.177965 5a1c                               Options.track_and_verify_wals_in_manifest: 0
2023/07/09-13:29:41.177972 5a1c        Options.verify_sst_unique_id_in_manifest: 0
2023/07/09-13:29:41.177979 5a1c                                     Options.env: 000002596DCCE060
2023/07/09-13:29:41.177986 5a1c                                      Options.fs: WinFS
2023/07/09-13:29:41.177993 5a1c                                Options.info_log: 000002596F7FC1B0
2023/07/09-13:29:41.178001 5a1c                Options.max_file_opening_threads: 16
2023/07/09-13:29:41.178010 5a1c                              Options.statistics: 000002596F276780
2023/07/09-13:29:41.178020 5a1c                               Options.use_fsync: 0
2023/07/09-13:29:41.178031 5a1c                       Options.max_log_file_size: 512000
2023/07/09-13:29:41.178041 5a1c                  Options.max_manifest_file_size: 1073741824
2023/07/09-13:29:41.178049 5a1c                   Options.log_file_time_to_roll: 0
2023/07/09-13:29:41.178056 5a1c                       Options.keep_log_file_num: 2
2023/07/09-13:29:41.178064 5a1c                    Options.recycle_log_file_num: 0
2023/07/09-13:29:41.178072 5a1c                         Options.allow_fallocate: 1
2023/07/09-13:29:41.178081 5a1c                        Options.allow_mmap_reads: 0
2023/07/09-13:29:41.178088 5a1c                       Options.allow_mmap_writes: 0
2023/07/09-13:29:41.178095 5a1c                        Options.use_direct_reads: 0
2023/07/09-13:29:41.178102 5a1c                        Options.use_direct_io_for_flush_and_compaction: 0
2023/07/09-13:29:41.178109 5a1c          Options.create_missing_column_families: 0
2023/07/09-13:29:41.178117 5a1c                              Options.db_log_dir: 
2023/07/09-13:29:41.178124 5a1c                                 Options.wal_dir: 
2023/07/09-13:29:41.178132 5a1c                Options.table_cache_numshardbits: 6
2023/07/09-13:29:41.178139 5a1c                         Options.WAL_ttl_seconds: 0
2023/07/09-13:29:41.178146 5a1c                       Options.WAL_size_limit_MB: 0
2023/07/09-13:29:41.178154 5a1c                        Options.max_write_batch_group_size_bytes: 1048576
2023/07/09-13:29:41.178161 5a1c             Options.manifest_preallocation_size: 4194304
2023/07/09-13:29:41.178168 5a1c                     Options.is_fd_close_on_exec: 1
2023/07/09-13:29:41.178175 5a1c                   Options.advise_random_on_open: 1
2023/07/09-13:29:41.178183 5a1c                   Options.experimental_mempurge_threshold: 0.000000
2023/07/09-13:29:41.178190 5a1c                    Options.db_write_buffer_size: 0
2023/07/09-13:29:41.178198 5a1c                    Options.write_buffer_manager: 000002596F57FA90
2023/07/09-13:29:41.178205 5a1c         Options.access_hint_on_compaction_start: 1
2023/07/09-13:29:41.178233 5a1c           Options.random_access_max_buffer_size: 1048576
2023/07/09-13:29:41.178244 5a1c                      Options.use_adaptive_mutex: 0
2023/07/09-13:29:41.178251 5a1c                            Options.rate_limiter: 0000000000000000
2023/07/09-13:29:41.178259 5a1c     Options.sst_file_manager.rate_bytes_per_sec: 0
2023/07/09-13:29:41.178268 5a1c                       Options.wal_recovery_mode: 2
2023/07/09-13:29:41.178277 5a1c                  Options.enable_thread_tracking: 0
2023/07/09-13:29:41.178284 5a1c                  Options.enable_pipelined_write: 0
2023/07/09-13:29:41.178291 5a1c                  Options.unordered_write: 0
2023/07/09-13:29:41.178300 5a1c         Options.allow_concurrent_memtable_write: 1
2023/07/09-13:29:41.178308 5a1c      Options.enable_write_thread_adaptive_yield: 1
2023/07/09-13:29:41.178315 5a1c             Options.write_thread_max_yield_usec: 100
2023/07/09-13:29:41.178322 5a1c            Options.write_thread_slow_yield_usec: 3
2023/07/09-13:29:41.178329 5a1c                               Options.row_cache: None
2023/07/09-13:29:41.178338 5a1c                              Options.wal_filter: None
2023/07/09-13:29:41.178348 5a1c             Options.avoid_flush_during_recovery: 0
2023/07/09-13:29:41.178357 5a1c             Options.allow_ingest_behind: 0
2023/07/09-13:29:41.178365 5a1c             Options.two_write_queues: 0
2023/07/09-13:29:41.178372 5a1c             Options.manual_wal_flush: 0
2023/07/09-13:29:41.178379 5a1c             Options.wal_compression: 0
2023/07/09-13:29:41.178386 5a1c             Options.atomic_flush: 0
2023/07/09-13:29:41.178393 5a1c             Options.avoid_unnecessary_blocking_io: 0
2023/07/09-13:29:41.178400 5a1c                 Options.persist_stats_to_disk: 0
2023/07/09-13:29:41.178410 5a1c                 Options.write_dbid_to_manifest: 0
2023/07/09-13:29:41.178417 5a1c                 Options.log_readahead_size: 0
2023/07/09-13:29:41.178424 5a1c                 Options.file_checksum_gen_factory: Unknown
2023/07/09-13:29:41.178435 5a1c                 Options.best_efforts_recovery: 0
2023/07/09-13:29:41.178442 5a1c                Options.max_bgerror_resume_count: 2147483647
2023/07/09-13:29:41.178449 5a1c            Options.bgerror_resume_retry_interval: 1000000
2023/07/09-13:29:41.178456 5a1c             Options.allow_data_in_errors: 0
2023/07/09-13:29:41.178464 5a1c             Options.db_host_id: __hostname__
2023/07/09-13:29:41.178471 5a1c             Options.enforce_single_del_contracts: true
2023/07/09-13:29:41.178479 5a1c             Options.max_background_jobs: 2
2023/07/09-13:29:41.178489 5a1c             Options.max_background_compactions: -1
2023/07/09-13:29:41.178497 5a1c             Options.max_subcompactions: 1
2023/07/09-13:29:41.178507 5a1c             Options.avoid_flush_during_shutdown: 0
2023/07/09-13:29:41.178515 5a1c           Options.writable_file_max_buffer_size: 1048576
2023/07/09-13:29:41.178523 5a1c             Options.delayed_write_rate : 16777216
2023/07/09-13:29:41.178530 5a1c             Options.max_total_wal_size: 0
2023/07/09-13:29:41.178537 5a1c             Options.delete_obsolete_files_period_micros: 21600000000
2023/07/09-13:29:41.178544 5a1c                   Options.stats_dump_period_sec: 0
2023/07/09-13:29:41.178552 5a1c                 Options.stats_persist_period_sec: 0
2023/07/09-13:29:41.178560 5a1c                 Options.stats_history_buffer_size: 65536
2023/07/09-13:29:41.178567 5a1c                          Options.max_open_files: -1
2023/07/09-13:29:41.178574 5a1c                          Options.bytes_per_sync: 0
2023/07/09-13:29:41.178582 5a1c                      Options.wal_bytes_per_sync: 0
2023/07/09-13:29:41.178590 5a1c                   Options.strict_bytes_per_sync: 0
2023/07/09-13:29:41.178597 5a1c       Options.compaction_readahead_size: 0
2023/07/09-13:29:41.178605 5a1c                  Options.max_background_flushes: -1
2023/07/09-13:29:41.178614 5a1c Compression algorithms supported:
2023/07/09-13:29:41.178623 5a1c 	kZSTD supported: 1
2023/07/09-13:29:41.178631 5a1c 	kSnappyCompression supported: 1
2023/07/09-13:29:41.178656 5a1c 	kBZip2Compression supported: 0
2023/07/09-13:29:41.178664 5a1c 	kZlibCompression supported: 1
2023/07/09-13:29:41.178671 5a1c 	kLZ4Compression supported: 1
2023/07/09-13:29:41.178678 5a1c 	kXpressCompression supported: 0
2023/07/09-13:29:41.178685 5a1c 	kLZ4HCCompression supported: 1
2023/07/09-13:29:41.178692 5a1c 	kZSTDNotFinalCompression supported: 1
2023/07/09-13:29:41.178703 5a1c Fast CRC32 supported: Not supported on x86
2023/07/09-13:29:41.178711 5a1c DMutex implementation: std::mutex
2023/07/09-13:29:41.201021 5a1c [WARN] [db\db_impl\db_impl_open.cc:2055] DB::Open() failed: Corruption: CURRENT file corrupted
2023/07/09-13:29:41.201039 5a1c [db\db_impl\db_impl.cc:480] Shutdown: canceling all background work
2023/07/09-13:29:41.201107 5a1c [db\db_impl\db_impl.cc:710] Shutdown complete
