2023/07/09-13:29:41.054893 574c RocksDB version: 7.4.5
2023/07/09-13:29:41.055040 574c Git sha e072c129d57a0883370034cecf6774c745c40f76
2023/07/09-13:29:41.055090 574c Compile date 2022-08-15 17:16:22
2023/07/09-13:29:41.055125 574c DB SUMMARY
2023/07/09-13:29:41.055160 574c DB Session ID:  B39RAD6MD26O8CZNPG5Q
2023/07/09-13:29:41.116765 574c CURRENT file:  CURRENT
2023/07/09-13:29:41.116827 574c IDENTITY file:  IDENTITY
2023/07/09-13:29:41.116977 574c MANIFEST file:  MANIFEST-000050 size: 218 Bytes
2023/07/09-13:29:41.117023 574c SST files in C:\Users\sschneider\Github\siteSync\sparkplug\hivemq-ce-2023.3\hivemq-ce-2023.3\data\persistence\retained_messages\040500_R\retained_messages_9 dir, Total Num: 1, files: 000048.sst 
2023/07/09-13:29:41.117058 574c Write Ahead Log file in C:\Users\sschneider\Github\siteSync\sparkplug\hivemq-ce-2023.3\hivemq-ce-2023.3\data\persistence\retained_messages\040500_R\retained_messages_9: 000049.log size: 4845 ; 
2023/07/09-13:29:41.117206 574c                         Options.error_if_exists: 0
2023/07/09-13:29:41.117218 574c                       Options.create_if_missing: 1
2023/07/09-13:29:41.117226 574c                         Options.paranoid_checks: 1
2023/07/09-13:29:41.117234 574c             Options.flush_verify_memtable_count: 1
2023/07/09-13:29:41.117242 574c                               Options.track_and_verify_wals_in_manifest: 0
2023/07/09-13:29:41.117252 574c        Options.verify_sst_unique_id_in_manifest: 0
2023/07/09-13:29:41.117262 574c                                     Options.env: 000002596DCCE060
2023/07/09-13:29:41.117271 574c                                      Options.fs: WinFS
2023/07/09-13:29:41.117281 574c                                Options.info_log: 000002596F7FCE30
2023/07/09-13:29:41.117288 574c                Options.max_file_opening_threads: 16
2023/07/09-13:29:41.117296 574c                              Options.statistics: 000002596F276780
2023/07/09-13:29:41.117304 574c                               Options.use_fsync: 0
2023/07/09-13:29:41.117311 574c                       Options.max_log_file_size: 512000
2023/07/09-13:29:41.117319 574c                  Options.max_manifest_file_size: 1073741824
2023/07/09-13:29:41.117327 574c                   Options.log_file_time_to_roll: 0
2023/07/09-13:29:41.117334 574c                       Options.keep_log_file_num: 2
2023/07/09-13:29:41.117342 574c                    Options.recycle_log_file_num: 0
2023/07/09-13:29:41.117350 574c                         Options.allow_fallocate: 1
2023/07/09-13:29:41.117357 574c                        Options.allow_mmap_reads: 0
2023/07/09-13:29:41.117365 574c                       Options.allow_mmap_writes: 0
2023/07/09-13:29:41.117372 574c                        Options.use_direct_reads: 0
2023/07/09-13:29:41.117379 574c                        Options.use_direct_io_for_flush_and_compaction: 0
2023/07/09-13:29:41.117386 574c          Options.create_missing_column_families: 0
2023/07/09-13:29:41.117394 574c                              Options.db_log_dir: 
2023/07/09-13:29:41.117401 574c                                 Options.wal_dir: 
2023/07/09-13:29:41.117408 574c                Options.table_cache_numshardbits: 6
2023/07/09-13:29:41.117416 574c                         Options.WAL_ttl_seconds: 0
2023/07/09-13:29:41.117423 574c                       Options.WAL_size_limit_MB: 0
2023/07/09-13:29:41.117430 574c                        Options.max_write_batch_group_size_bytes: 1048576
2023/07/09-13:29:41.117443 574c             Options.manifest_preallocation_size: 4194304
2023/07/09-13:29:41.117451 574c                     Options.is_fd_close_on_exec: 1
2023/07/09-13:29:41.117458 574c                   Options.advise_random_on_open: 1
2023/07/09-13:29:41.117468 574c                   Options.experimental_mempurge_threshold: 0.000000
2023/07/09-13:29:41.117476 574c                    Options.db_write_buffer_size: 0
2023/07/09-13:29:41.117485 574c                    Options.write_buffer_manager: 000002596F824FC0
2023/07/09-13:29:41.117492 574c         Options.access_hint_on_compaction_start: 1
2023/07/09-13:29:41.117530 574c           Options.random_access_max_buffer_size: 1048576
2023/07/09-13:29:41.117540 574c                      Options.use_adaptive_mutex: 0
2023/07/09-13:29:41.117548 574c                            Options.rate_limiter: 0000000000000000
2023/07/09-13:29:41.117555 574c     Options.sst_file_manager.rate_bytes_per_sec: 0
2023/07/09-13:29:41.117563 574c                       Options.wal_recovery_mode: 2
2023/07/09-13:29:41.117571 574c                  Options.enable_thread_tracking: 0
2023/07/09-13:29:41.117578 574c                  Options.enable_pipelined_write: 0
2023/07/09-13:29:41.117585 574c                  Options.unordered_write: 0
2023/07/09-13:29:41.117592 574c         Options.allow_concurrent_memtable_write: 1
2023/07/09-13:29:41.117599 574c      Options.enable_write_thread_adaptive_yield: 1
2023/07/09-13:29:41.117606 574c             Options.write_thread_max_yield_usec: 100
2023/07/09-13:29:41.117614 574c            Options.write_thread_slow_yield_usec: 3
2023/07/09-13:29:41.117632 574c                               Options.row_cache: None
2023/07/09-13:29:41.117656 574c                              Options.wal_filter: None
2023/07/09-13:29:41.117664 574c             Options.avoid_flush_during_recovery: 0
2023/07/09-13:29:41.117672 574c             Options.allow_ingest_behind: 0
2023/07/09-13:29:41.117679 574c             Options.two_write_queues: 0
2023/07/09-13:29:41.117685 574c             Options.manual_wal_flush: 0
2023/07/09-13:29:41.117694 574c             Options.wal_compression: 0
2023/07/09-13:29:41.117701 574c             Options.atomic_flush: 0
2023/07/09-13:29:41.117708 574c             Options.avoid_unnecessary_blocking_io: 0
2023/07/09-13:29:41.117715 574c                 Options.persist_stats_to_disk: 0
2023/07/09-13:29:41.117721 574c                 Options.write_dbid_to_manifest: 0
2023/07/09-13:29:41.117728 574c                 Options.log_readahead_size: 0
2023/07/09-13:29:41.117739 574c                 Options.file_checksum_gen_factory: Unknown
2023/07/09-13:29:41.117750 574c                 Options.best_efforts_recovery: 0
2023/07/09-13:29:41.117761 574c                Options.max_bgerror_resume_count: 2147483647
2023/07/09-13:29:41.117773 574c            Options.bgerror_resume_retry_interval: 1000000
2023/07/09-13:29:41.117786 574c             Options.allow_data_in_errors: 0
2023/07/09-13:29:41.117796 574c             Options.db_host_id: __hostname__
2023/07/09-13:29:41.117807 574c             Options.enforce_single_del_contracts: true
2023/07/09-13:29:41.117818 574c             Options.max_background_jobs: 2
2023/07/09-13:29:41.117829 574c             Options.max_background_compactions: -1
2023/07/09-13:29:41.117839 574c             Options.max_subcompactions: 1
2023/07/09-13:29:41.117849 574c             Options.avoid_flush_during_shutdown: 0
2023/07/09-13:29:41.117861 574c           Options.writable_file_max_buffer_size: 1048576
2023/07/09-13:29:41.117871 574c             Options.delayed_write_rate : 16777216
2023/07/09-13:29:41.117881 574c             Options.max_total_wal_size: 0
2023/07/09-13:29:41.117891 574c             Options.delete_obsolete_files_period_micros: 21600000000
2023/07/09-13:29:41.117902 574c                   Options.stats_dump_period_sec: 0
2023/07/09-13:29:41.117918 574c                 Options.stats_persist_period_sec: 0
2023/07/09-13:29:41.117930 574c                 Options.stats_history_buffer_size: 65536
2023/07/09-13:29:41.117939 574c                          Options.max_open_files: -1
2023/07/09-13:29:41.117948 574c                          Options.bytes_per_sync: 0
2023/07/09-13:29:41.117957 574c                      Options.wal_bytes_per_sync: 0
2023/07/09-13:29:41.117967 574c                   Options.strict_bytes_per_sync: 0
2023/07/09-13:29:41.117976 574c       Options.compaction_readahead_size: 0
2023/07/09-13:29:41.117985 574c                  Options.max_background_flushes: -1
2023/07/09-13:29:41.117995 574c Compression algorithms supported:
2023/07/09-13:29:41.118005 574c 	kZSTD supported: 1
2023/07/09-13:29:41.118015 574c 	kSnappyCompression supported: 1
2023/07/09-13:29:41.118057 574c 	kBZip2Compression supported: 0
2023/07/09-13:29:41.118070 574c 	kZlibCompression supported: 1
2023/07/09-13:29:41.118080 574c 	kLZ4Compression supported: 1
2023/07/09-13:29:41.118090 574c 	kXpressCompression supported: 0
2023/07/09-13:29:41.118100 574c 	kLZ4HCCompression supported: 1
2023/07/09-13:29:41.118110 574c 	kZSTDNotFinalCompression supported: 1
2023/07/09-13:29:41.118121 574c Fast CRC32 supported: Not supported on x86
2023/07/09-13:29:41.118131 574c DMutex implementation: std::mutex
2023/07/09-13:29:41.139663 574c [WARN] [db\db_impl\db_impl_open.cc:2055] DB::Open() failed: Corruption: CURRENT file corrupted
2023/07/09-13:29:41.139689 574c [db\db_impl\db_impl.cc:480] Shutdown: canceling all background work
2023/07/09-13:29:41.139774 574c [db\db_impl\db_impl.cc:710] Shutdown complete
