2023/07/09-13:29:41.096925 2ba0 RocksDB version: 7.4.5
2023/07/09-13:29:41.097014 2ba0 Git sha e072c129d57a0883370034cecf6774c745c40f76
2023/07/09-13:29:41.097039 2ba0 Compile date 2022-08-15 17:16:22
2023/07/09-13:29:41.097055 2ba0 DB SUMMARY
2023/07/09-13:29:41.097070 2ba0 DB Session ID:  B39RAD6MD26O8CZNPG5D
2023/07/09-13:29:41.136966 2ba0 CURRENT file:  CURRENT
2023/07/09-13:29:41.137032 2ba0 IDENTITY file:  IDENTITY
2023/07/09-13:29:41.137277 2ba0 MANIFEST file:  MANIFEST-000050 size: 218 Bytes
2023/07/09-13:29:41.137328 2ba0 SST files in C:\Users\sschneider\Github\siteSync\sparkplug\hivemq-ce-2023.3\hivemq-ce-2023.3\data\persistence\retained_messages\040500_R\retained_messages_10 dir, Total Num: 1, files: 000048.sst 
2023/07/09-13:29:41.137362 2ba0 Write Ahead Log file in C:\Users\sschneider\Github\siteSync\sparkplug\hivemq-ce-2023.3\hivemq-ce-2023.3\data\persistence\retained_messages\040500_R\retained_messages_10: 000049.log size: 4845 ; 
2023/07/09-13:29:41.138228 2ba0                         Options.error_if_exists: 0
2023/07/09-13:29:41.138260 2ba0                       Options.create_if_missing: 1
2023/07/09-13:29:41.138281 2ba0                         Options.paranoid_checks: 1
2023/07/09-13:29:41.138299 2ba0             Options.flush_verify_memtable_count: 1
2023/07/09-13:29:41.138318 2ba0                               Options.track_and_verify_wals_in_manifest: 0
2023/07/09-13:29:41.138336 2ba0        Options.verify_sst_unique_id_in_manifest: 0
2023/07/09-13:29:41.138356 2ba0                                     Options.env: 000002596DCCE060
2023/07/09-13:29:41.138374 2ba0                                      Options.fs: WinFS
2023/07/09-13:29:41.138393 2ba0                                Options.info_log: 000002596F7F9C30
2023/07/09-13:29:41.138411 2ba0                Options.max_file_opening_threads: 16
2023/07/09-13:29:41.138431 2ba0                              Options.statistics: 000002596F276780
2023/07/09-13:29:41.138448 2ba0                               Options.use_fsync: 0
2023/07/09-13:29:41.138465 2ba0                       Options.max_log_file_size: 512000
2023/07/09-13:29:41.138483 2ba0                  Options.max_manifest_file_size: 1073741824
2023/07/09-13:29:41.138499 2ba0                   Options.log_file_time_to_roll: 0
2023/07/09-13:29:41.138515 2ba0                       Options.keep_log_file_num: 2
2023/07/09-13:29:41.138532 2ba0                    Options.recycle_log_file_num: 0
2023/07/09-13:29:41.138549 2ba0                         Options.allow_fallocate: 1
2023/07/09-13:29:41.138566 2ba0                        Options.allow_mmap_reads: 0
2023/07/09-13:29:41.138583 2ba0                       Options.allow_mmap_writes: 0
2023/07/09-13:29:41.138600 2ba0                        Options.use_direct_reads: 0
2023/07/09-13:29:41.138617 2ba0                        Options.use_direct_io_for_flush_and_compaction: 0
2023/07/09-13:29:41.138634 2ba0          Options.create_missing_column_families: 0
2023/07/09-13:29:41.138674 2ba0                              Options.db_log_dir: 
2023/07/09-13:29:41.138709 2ba0                                 Options.wal_dir: 
2023/07/09-13:29:41.138730 2ba0                Options.table_cache_numshardbits: 6
2023/07/09-13:29:41.138747 2ba0                         Options.WAL_ttl_seconds: 0
2023/07/09-13:29:41.138765 2ba0                       Options.WAL_size_limit_MB: 0
2023/07/09-13:29:41.138784 2ba0                        Options.max_write_batch_group_size_bytes: 1048576
2023/07/09-13:29:41.138802 2ba0             Options.manifest_preallocation_size: 4194304
2023/07/09-13:29:41.138818 2ba0                     Options.is_fd_close_on_exec: 1
2023/07/09-13:29:41.138834 2ba0                   Options.advise_random_on_open: 1
2023/07/09-13:29:41.138852 2ba0                   Options.experimental_mempurge_threshold: 0.000000
2023/07/09-13:29:41.138868 2ba0                    Options.db_write_buffer_size: 0
2023/07/09-13:29:41.138884 2ba0                    Options.write_buffer_manager: 000002596F819FA0
2023/07/09-13:29:41.138900 2ba0         Options.access_hint_on_compaction_start: 1
2023/07/09-13:29:41.138969 2ba0           Options.random_access_max_buffer_size: 1048576
2023/07/09-13:29:41.138992 2ba0                      Options.use_adaptive_mutex: 0
2023/07/09-13:29:41.139011 2ba0                            Options.rate_limiter: 0000000000000000
2023/07/09-13:29:41.139029 2ba0     Options.sst_file_manager.rate_bytes_per_sec: 0
2023/07/09-13:29:41.139046 2ba0                       Options.wal_recovery_mode: 2
2023/07/09-13:29:41.139062 2ba0                  Options.enable_thread_tracking: 0
2023/07/09-13:29:41.139079 2ba0                  Options.enable_pipelined_write: 0
2023/07/09-13:29:41.139096 2ba0                  Options.unordered_write: 0
2023/07/09-13:29:41.139115 2ba0         Options.allow_concurrent_memtable_write: 1
2023/07/09-13:29:41.139132 2ba0      Options.enable_write_thread_adaptive_yield: 1
2023/07/09-13:29:41.139148 2ba0             Options.write_thread_max_yield_usec: 100
2023/07/09-13:29:41.139165 2ba0            Options.write_thread_slow_yield_usec: 3
2023/07/09-13:29:41.139184 2ba0                               Options.row_cache: None
2023/07/09-13:29:41.139201 2ba0                              Options.wal_filter: None
2023/07/09-13:29:41.139217 2ba0             Options.avoid_flush_during_recovery: 0
2023/07/09-13:29:41.139233 2ba0             Options.allow_ingest_behind: 0
2023/07/09-13:29:41.139249 2ba0             Options.two_write_queues: 0
2023/07/09-13:29:41.139266 2ba0             Options.manual_wal_flush: 0
2023/07/09-13:29:41.139285 2ba0             Options.wal_compression: 0
2023/07/09-13:29:41.139302 2ba0             Options.atomic_flush: 0
2023/07/09-13:29:41.139320 2ba0             Options.avoid_unnecessary_blocking_io: 0
2023/07/09-13:29:41.139336 2ba0                 Options.persist_stats_to_disk: 0
2023/07/09-13:29:41.139352 2ba0                 Options.write_dbid_to_manifest: 0
2023/07/09-13:29:41.139368 2ba0                 Options.log_readahead_size: 0
2023/07/09-13:29:41.139384 2ba0                 Options.file_checksum_gen_factory: Unknown
2023/07/09-13:29:41.139399 2ba0                 Options.best_efforts_recovery: 0
2023/07/09-13:29:41.139415 2ba0                Options.max_bgerror_resume_count: 2147483647
2023/07/09-13:29:41.139432 2ba0            Options.bgerror_resume_retry_interval: 1000000
2023/07/09-13:29:41.139448 2ba0             Options.allow_data_in_errors: 0
2023/07/09-13:29:41.139465 2ba0             Options.db_host_id: __hostname__
2023/07/09-13:29:41.139483 2ba0             Options.enforce_single_del_contracts: true
2023/07/09-13:29:41.139500 2ba0             Options.max_background_jobs: 2
2023/07/09-13:29:41.139516 2ba0             Options.max_background_compactions: -1
2023/07/09-13:29:41.139535 2ba0             Options.max_subcompactions: 1
2023/07/09-13:29:41.139551 2ba0             Options.avoid_flush_during_shutdown: 0
2023/07/09-13:29:41.139568 2ba0           Options.writable_file_max_buffer_size: 1048576
2023/07/09-13:29:41.139584 2ba0             Options.delayed_write_rate : 16777216
2023/07/09-13:29:41.139601 2ba0             Options.max_total_wal_size: 0
2023/07/09-13:29:41.139619 2ba0             Options.delete_obsolete_files_period_micros: 21600000000
2023/07/09-13:29:41.139638 2ba0                   Options.stats_dump_period_sec: 0
2023/07/09-13:29:41.139663 2ba0                 Options.stats_persist_period_sec: 0
2023/07/09-13:29:41.139682 2ba0                 Options.stats_history_buffer_size: 65536
2023/07/09-13:29:41.139702 2ba0                          Options.max_open_files: -1
2023/07/09-13:29:41.139720 2ba0                          Options.bytes_per_sync: 0
2023/07/09-13:29:41.139739 2ba0                      Options.wal_bytes_per_sync: 0
2023/07/09-13:29:41.139759 2ba0                   Options.strict_bytes_per_sync: 0
2023/07/09-13:29:41.139775 2ba0       Options.compaction_readahead_size: 0
2023/07/09-13:29:41.139793 2ba0                  Options.max_background_flushes: -1
2023/07/09-13:29:41.139818 2ba0 Compression algorithms supported:
2023/07/09-13:29:41.139838 2ba0 	kZSTD supported: 1
2023/07/09-13:29:41.139855 2ba0 	kSnappyCompression supported: 1
2023/07/09-13:29:41.139918 2ba0 	kBZip2Compression supported: 0
2023/07/09-13:29:41.139941 2ba0 	kZlibCompression supported: 1
2023/07/09-13:29:41.139959 2ba0 	kLZ4Compression supported: 1
2023/07/09-13:29:41.139976 2ba0 	kXpressCompression supported: 0
2023/07/09-13:29:41.140000 2ba0 	kLZ4HCCompression supported: 1
2023/07/09-13:29:41.140017 2ba0 	kZSTDNotFinalCompression supported: 1
2023/07/09-13:29:41.140034 2ba0 Fast CRC32 supported: Not supported on x86
2023/07/09-13:29:41.140053 2ba0 DMutex implementation: std::mutex
2023/07/09-13:29:41.165993 2ba0 [WARN] [db\db_impl\db_impl_open.cc:2055] DB::Open() failed: Corruption: CURRENT file corrupted
2023/07/09-13:29:41.166014 2ba0 [db\db_impl\db_impl.cc:480] Shutdown: canceling all background work
2023/07/09-13:29:41.166075 2ba0 [db\db_impl\db_impl.cc:710] Shutdown complete
