2023/07/09-13:29:41.178495 391c RocksDB version: 7.4.5
2023/07/09-13:29:41.178571 391c Git sha e072c129d57a0883370034cecf6774c745c40f76
2023/07/09-13:29:41.178598 391c Compile date 2022-08-15 17:16:22
2023/07/09-13:29:41.178614 391c DB SUMMARY
2023/07/09-13:29:41.178629 391c DB Session ID:  B39RAD6MD26O8CZNPG6N
2023/07/09-13:29:41.247773 391c CURRENT file:  CURRENT
2023/07/09-13:29:41.247842 391c IDENTITY file:  IDENTITY
2023/07/09-13:29:41.248015 391c MANIFEST file:  MANIFEST-000049 size: 74 Bytes
2023/07/09-13:29:41.248070 391c SST files in C:\Users\sschneider\Github\siteSync\sparkplug\hivemq-ce-2023.3\hivemq-ce-2023.3\data\persistence\retained_messages\040500_R\retained_messages_20 dir, Total Num: 0, files: 
2023/07/09-13:29:41.248112 391c Write Ahead Log file in C:\Users\sschneider\Github\siteSync\sparkplug\hivemq-ce-2023.3\hivemq-ce-2023.3\data\persistence\retained_messages\040500_R\retained_messages_20: 000004.log size: 969 ; 000008.log size: 19 ; 000012.log size: 304 ; 000016.log size: 0 ; 000020.log size: 0 ; 000024.log size: 38 ; 000028.log size: 76 ; 000032.log size: 0 ; 000036.log size: 570 ; 000040.log size: 0 ; 000044.log size: 2565 ; 000048.log size: 4845 ; 
2023/07/09-13:29:41.248615 391c                         Options.error_if_exists: 0
2023/07/09-13:29:41.248658 391c                       Options.create_if_missing: 1
2023/07/09-13:29:41.253279 391c                         Options.paranoid_checks: 1
2023/07/09-13:29:41.253300 391c             Options.flush_verify_memtable_count: 1
2023/07/09-13:29:41.253312 391c                               Options.track_and_verify_wals_in_manifest: 0
2023/07/09-13:29:41.253324 391c        Options.verify_sst_unique_id_in_manifest: 0
2023/07/09-13:29:41.253335 391c                                     Options.env: 000002596DCCE060
2023/07/09-13:29:41.253347 391c                                      Options.fs: WinFS
2023/07/09-13:29:41.253358 391c                                Options.info_log: 000002596F7F9230
2023/07/09-13:29:41.253368 391c                Options.max_file_opening_threads: 16
2023/07/09-13:29:41.253385 391c                              Options.statistics: 000002596F276780
2023/07/09-13:29:41.253414 391c                               Options.use_fsync: 0
2023/07/09-13:29:41.253426 391c                       Options.max_log_file_size: 512000
2023/07/09-13:29:41.253438 391c                  Options.max_manifest_file_size: 1073741824
2023/07/09-13:29:41.253450 391c                   Options.log_file_time_to_roll: 0
2023/07/09-13:29:41.253460 391c                       Options.keep_log_file_num: 2
2023/07/09-13:29:41.253472 391c                    Options.recycle_log_file_num: 0
2023/07/09-13:29:41.253482 391c                         Options.allow_fallocate: 1
2023/07/09-13:29:41.253493 391c                        Options.allow_mmap_reads: 0
2023/07/09-13:29:41.253505 391c                       Options.allow_mmap_writes: 0
2023/07/09-13:29:41.253515 391c                        Options.use_direct_reads: 0
2023/07/09-13:29:41.253526 391c                        Options.use_direct_io_for_flush_and_compaction: 0
2023/07/09-13:29:41.253537 391c          Options.create_missing_column_families: 0
2023/07/09-13:29:41.253548 391c                              Options.db_log_dir: 
2023/07/09-13:29:41.253559 391c                                 Options.wal_dir: 
2023/07/09-13:29:41.253569 391c                Options.table_cache_numshardbits: 6
2023/07/09-13:29:41.253580 391c                         Options.WAL_ttl_seconds: 0
2023/07/09-13:29:41.253591 391c                       Options.WAL_size_limit_MB: 0
2023/07/09-13:29:41.254961 391c                        Options.max_write_batch_group_size_bytes: 1048576
2023/07/09-13:29:41.255126 391c             Options.manifest_preallocation_size: 4194304
2023/07/09-13:29:41.255216 391c                     Options.is_fd_close_on_exec: 1
2023/07/09-13:29:41.256588 391c                   Options.advise_random_on_open: 1
2023/07/09-13:29:41.256603 391c                   Options.experimental_mempurge_threshold: 0.000000
2023/07/09-13:29:41.256614 391c                    Options.db_write_buffer_size: 0
2023/07/09-13:29:41.258012 391c                    Options.write_buffer_manager: 000002596F8E29D0
2023/07/09-13:29:41.258050 391c         Options.access_hint_on_compaction_start: 1
2023/07/09-13:29:41.258179 391c           Options.random_access_max_buffer_size: 1048576
2023/07/09-13:29:41.258207 391c                      Options.use_adaptive_mutex: 0
2023/07/09-13:29:41.261877 391c                            Options.rate_limiter: 0000000000000000
2023/07/09-13:29:41.262021 391c     Options.sst_file_manager.rate_bytes_per_sec: 0
2023/07/09-13:29:41.262221 391c                       Options.wal_recovery_mode: 2
2023/07/09-13:29:41.262566 391c                  Options.enable_thread_tracking: 0
2023/07/09-13:29:41.262605 391c                  Options.enable_pipelined_write: 0
2023/07/09-13:29:41.264598 391c                  Options.unordered_write: 0
2023/07/09-13:29:41.264624 391c         Options.allow_concurrent_memtable_write: 1
2023/07/09-13:29:41.264636 391c      Options.enable_write_thread_adaptive_yield: 1
2023/07/09-13:29:41.264647 391c             Options.write_thread_max_yield_usec: 100
2023/07/09-13:29:41.264657 391c            Options.write_thread_slow_yield_usec: 3
2023/07/09-13:29:41.264668 391c                               Options.row_cache: None
2023/07/09-13:29:41.264778 391c                              Options.wal_filter: None
2023/07/09-13:29:41.264798 391c             Options.avoid_flush_during_recovery: 0
2023/07/09-13:29:41.264901 391c             Options.allow_ingest_behind: 0
2023/07/09-13:29:41.264915 391c             Options.two_write_queues: 0
2023/07/09-13:29:41.265014 391c             Options.manual_wal_flush: 0
2023/07/09-13:29:41.265053 391c             Options.wal_compression: 0
2023/07/09-13:29:41.265093 391c             Options.atomic_flush: 0
2023/07/09-13:29:41.265129 391c             Options.avoid_unnecessary_blocking_io: 0
2023/07/09-13:29:41.265157 391c                 Options.persist_stats_to_disk: 0
2023/07/09-13:29:41.265176 391c                 Options.write_dbid_to_manifest: 0
2023/07/09-13:29:41.265194 391c                 Options.log_readahead_size: 0
2023/07/09-13:29:41.265213 391c                 Options.file_checksum_gen_factory: Unknown
2023/07/09-13:29:41.265230 391c                 Options.best_efforts_recovery: 0
2023/07/09-13:29:41.265248 391c                Options.max_bgerror_resume_count: 2147483647
2023/07/09-13:29:41.265266 391c            Options.bgerror_resume_retry_interval: 1000000
2023/07/09-13:29:41.265283 391c             Options.allow_data_in_errors: 0
2023/07/09-13:29:41.265299 391c             Options.db_host_id: __hostname__
2023/07/09-13:29:41.265316 391c             Options.enforce_single_del_contracts: true
2023/07/09-13:29:41.265335 391c             Options.max_background_jobs: 2
2023/07/09-13:29:41.265351 391c             Options.max_background_compactions: -1
2023/07/09-13:29:41.265368 391c             Options.max_subcompactions: 1
2023/07/09-13:29:41.265405 391c             Options.avoid_flush_during_shutdown: 0
2023/07/09-13:29:41.265424 391c           Options.writable_file_max_buffer_size: 1048576
2023/07/09-13:29:41.265441 391c             Options.delayed_write_rate : 16777216
2023/07/09-13:29:41.265458 391c             Options.max_total_wal_size: 0
2023/07/09-13:29:41.265475 391c             Options.delete_obsolete_files_period_micros: 21600000000
2023/07/09-13:29:41.265501 391c                   Options.stats_dump_period_sec: 0
2023/07/09-13:29:41.265543 391c                 Options.stats_persist_period_sec: 0
2023/07/09-13:29:41.265558 391c                 Options.stats_history_buffer_size: 65536
2023/07/09-13:29:41.265579 391c                          Options.max_open_files: -1
2023/07/09-13:29:41.265764 391c                          Options.bytes_per_sync: 0
2023/07/09-13:29:41.265791 391c                      Options.wal_bytes_per_sync: 0
2023/07/09-13:29:41.265806 391c                   Options.strict_bytes_per_sync: 0
2023/07/09-13:29:41.265817 391c       Options.compaction_readahead_size: 0
2023/07/09-13:29:41.265872 391c                  Options.max_background_flushes: -1
2023/07/09-13:29:41.265888 391c Compression algorithms supported:
2023/07/09-13:29:41.265916 391c 	kZSTD supported: 1
2023/07/09-13:29:41.265952 391c 	kSnappyCompression supported: 1
2023/07/09-13:29:41.265971 391c 	kBZip2Compression supported: 0
2023/07/09-13:29:41.265991 391c 	kZlibCompression supported: 1
2023/07/09-13:29:41.266112 391c 	kLZ4Compression supported: 1
2023/07/09-13:29:41.266154 391c 	kXpressCompression supported: 0
2023/07/09-13:29:41.266168 391c 	kLZ4HCCompression supported: 1
2023/07/09-13:29:41.266185 391c 	kZSTDNotFinalCompression supported: 1
2023/07/09-13:29:41.266198 391c Fast CRC32 supported: Not supported on x86
2023/07/09-13:29:41.266210 391c DMutex implementation: std::mutex
2023/07/09-13:29:41.270342 391c [WARN] [db\db_impl\db_impl_open.cc:2055] DB::Open() failed: Corruption: CURRENT file corrupted
2023/07/09-13:29:41.270388 391c [db\db_impl\db_impl.cc:480] Shutdown: canceling all background work
2023/07/09-13:29:41.270494 391c [db\db_impl\db_impl.cc:710] Shutdown complete
